# Industry: Furniture merchant wholesalers
# Series ID: CES4142321001
# Parent series: Merchant wholesalers, durable goods (CES4142300001)
# Generated: 2026-09-04
# Denominator options:
#   opt1: Level 4 parent (default) = Merchant wholesalers, durable goods
#   opt2: Level 3 parent = Wholesale trade
#   opt3: Level 2 parent = Trade, transportation, and utilities
#   opt4: Goods/Service-providing total = Service-providing
#   opt5: Total private / Total government = Total private
#   opt6: Total nonfarm = Total nonfarm
date,employment_level,log_level,trend_log_level,predicted_level,resid_log_level,share_opt1,denom_employment_opt1,log_share_opt1,trend_log_share_opt1,predicted_share_opt1,resid_log_share_opt1,trend_raw_share_opt1,resid_raw_pct_dev_opt1,hp_cf_log_share_opt1,predicted_share_hp_opt1,resid_log_share_hp_opt1,share_opt2,denom_employment_opt2,log_share_opt2,trend_log_share_opt2,predicted_share_opt2,resid_log_share_opt2,trend_raw_share_opt2,resid_raw_pct_dev_opt2,hp_cf_log_share_opt2,predicted_share_hp_opt2,resid_log_share_hp_opt2,share_opt3,denom_employment_opt3,log_share_opt3,trend_log_share_opt3,predicted_share_opt3,resid_log_share_opt3,trend_raw_share_opt3,resid_raw_pct_dev_opt3,hp_cf_log_share_opt3,predicted_share_hp_opt3,resid_log_share_hp_opt3,share_opt4,denom_employment_opt4,log_share_opt4,trend_log_share_opt4,predicted_share_opt4,resid_log_share_opt4,trend_raw_share_opt4,resid_raw_pct_dev_opt4,hp_cf_log_share_opt4,predicted_share_hp_opt4,resid_log_share_hp_opt4,share_opt5,denom_employment_opt5,log_share_opt5,trend_log_share_opt5,predicted_share_opt5,resid_log_share_opt5,trend_raw_share_opt5,resid_raw_pct_dev_opt5,hp_cf_log_share_opt5,predicted_share_hp_opt5,resid_log_share_hp_opt5,share_opt6,denom_employment_opt6,log_share_opt6,trend_log_share_opt6,predicted_share_opt6,resid_log_share_opt6,trend_raw_share_opt6,resid_raw_pct_dev_opt6,hp_cf_log_share_opt6,predicted_share_hp_opt6,resid_log_share_hp_opt6
2000-01,51.4,3.9396381724611196,,,,0.015312202097235461,3356.8,-4.179105245740859,,,,,,,,,0.008699920448198235,5908.1,-4.744441397248665,,,,,,,,,0.0019736589486618284,26043.0,-6.2278661245987985,,,,,,,,,0.000483164445112895,106382.0,-7.635153496184876,,,,,,,,,0.0004654110829409634,110440.0,-7.672589493582971,,,,,,,,,0.000392333468182061,131011.0,-7.84339839566258,,,,,,,,
2000-02,51.5,3.9415818076696905,,,,0.015343820760338458,3356.4,-4.177042442326224,,,,,,,,,0.008714486352945158,5909.7,-4.742768540020729,,,,,,,,,0.001976132918920993,26061.0,-6.22661341525834,,,,,,,,,0.0004835135947123329,106512.0,-7.634431126170794,,,,,,,,,0.0004659747921209544,110521.0,-7.671379019462812,,,,,,,,,0.0003927699816961562,131120.0,-7.842286405748021,,,,,,,,
2000-03,51.3,3.937690752176724,,,,0.015257413080331914,3362.3,-4.182689790410489,,,,,,,,,0.008657205055942757,5925.7,-4.749363350308135,,,,,,,,,0.0019641626464507234,26118.0,-6.232689258603629,,,,,,,,,0.0004798967239798686,106898.0,-7.641939635587495,,,,,,,,,0.00046269989447195387,110871.0,-7.67843189012147,,,,,,,,,0.00038980578097930153,131604.0,-7.849861940371485,,,,,,,,
2000-04,51.4,3.9396381724611196,,,,0.015282609342015281,3363.3,-4.181039741366538,,,,,,,,,0.00869197598714805,5913.5,-4.7453549792300525,,,,,,,,,0.001963030858539566,26184.0,-6.233265643719897,,,,,,,,,0.0004794999766780167,107195.0,-7.642766712278912,,,,,,,,,0.0004627212329630363,111082.0,-7.678385773838939,,,,,,,,,0.0003897364350489824,131884.0,-7.850039854868164,,,,,,,,
2000-05,51.2,3.9357395320454622,,,,0.015249895752665754,3357.4,-4.1831826118428515,,,,,,,,,0.00867429055484964,5902.5,-4.747391736914206,,,,,,,,,0.001960333869362126,26118.0,-6.234640478734891,,,,,,,,,0.00047646078969653543,107459.0,-7.649125126405851,,,,,,,,,0.00046143585861316896,110958.0,-7.681167498267469,,,,,,,,,0.0003875704931683131,132105.0,-7.855612807862207,,,,,,,,
2000-06,51.3,3.937690752176724,,,,0.015300187897044348,3352.9,-4.179890169806584,,,,,,,,,0.008686817373634748,5905.5,-4.745948646875178,,,,,,,,,0.0019625095638867635,26140.0,-6.2335312350014895,,,,,,,,,0.0004776847653012766,107393.0,-7.646559529847318,,,,,,,,,0.000461430524573649,111176.0,-7.681179057989694,,,,,,,,,0.00038845096658413026,132063.0,-7.853343608260655,,,,,,,,
2000-07,50.9,3.929862923556477,,,,0.015200382249298214,3348.6,-4.186434703465966,,,,,,,,,0.008640738791654641,5890.7,-4.751267191528437,,,,,,,,,0.0019464627151051625,26150.0,-6.241741545936592,,,,,,,,,0.0004734399270772293,107511.0,-7.655485523339868,,,,,,,,,0.0004570720449708605,111361.0,-7.690669531856508,,,,,,,,,0.00038494116223492756,132228.0,-7.8624200607193,,,,,,,,
2000-08,50.7,3.9259259105971376,,,,0.015185551262467428,3338.7,-4.187410878050351,,,,,,,,,0.008622888922904231,5879.7,-4.7533351085857865,,,,,,,,,0.0019366667939951872,26179.0,-6.246786931040205,,,,,,,,,0.00047140426402357956,107551.0,-7.659794522056442,,,,,,,,,0.00045512895320340765,111397.0,-7.694929765533518,,,,,,,,,0.0003834112255546985,132234.0,-7.866402448817609,,,,,,,,
2000-09,50.8,3.927896354584436,,,,0.015259379411853053,3329.1,-4.182560921590191,,,,,,,,,0.008662290050302668,5864.5,-4.748776151377124,,,,,,,,,0.0019407831900668576,26175.0,-6.244663681154301,,,,,,,,,0.0004716981132075471,107696.0,-7.659171367666058,,,,,,,,,0.00045518897510797297,111602.0,-7.694797895331283,,,,,,,,,0.00038386845704527076,132337.0,-7.865210623841492,,,,,,,,
2000-10,50.6,3.92395157629342,,,,0.015231788079470199,3322.0,-4.1843707138798205,,,,,,,,,0.00862848080759852,5864.3,-4.752686825582467,,,,,,,,,0.001931813843393273,26193.0,-6.249295902185497,,,,,,,,,0.00046976251926397685,107714.0,-7.663283269117948,,,,,,,,,0.000453368455948893,111609.0,-7.6988053945455714,,,,,,,,,0.00038231382978723405,132352.0,-7.8692687426945716,,,,,,,,
2000-11,50.4,3.919991175077323,,,,0.015186211883813425,3318.8,-4.187367375712808,,,,,,,,,0.008602003720707957,5859.1,-4.755760112080816,,,,,,,,,0.0019229301793208698,26210.0,-6.2539051212401295,,,,,,,,,0.00046696067894600303,107932.0,-7.669265503099427,,,,,,,,,0.000450821138502272,111796.0,-7.704439885810445,,,,,,,,,0.000380216663146142,132556.0,-7.874769301552759,,,,,,,,
2000-12,49.9,3.910021002757473,,,,0.015104734229325584,3303.6,-4.192747059179089,,,,,,,,,0.00854920504385965,5836.8,-4.761916977682485,,,,,,,,,0.0019000114229143661,26263.0,-6.265895380767622,,,,,,,,,0.0004614303415879122,108142.0,-7.681179454551611,,,,,,,,,0.00044588605332761456,111912.0,-7.715447124398794,,,,,,,,,0.00037599083757798606,132716.0,-7.885945783014941,,,,,,,,
2001-01,49.8,3.9080149840306073,,,,0.015131259115216334,3291.2,-4.190992534868085,,,,,,,,,0.008563322156306423,5815.5,-4.760267061748486,,,,,,,,,0.0019022154316271963,26180.0,-6.264736055433284,,,,,,,,,0.00046039494120257376,108168.0,-7.683425869007987,,,,,,,,,0.00044516751886151533,111868.0,-7.717059899756573,,,,,,,,,0.0003752741083472114,132703.0,-7.887853843419228,,,,,,,,
2001-02,50.0,3.912023005428146,,,,0.015220700152207,3285.0,-4.185098925490565,,,,,,,,,0.008624407072013798,5797.5,-4.753159063701541,,,,,,,,,0.0019100737288459335,26177.0,-6.260613436178599,,,,,,,,,0.0004616378912381128,108310.0,-7.680729759401637,,,,,,,,,0.00044689941188037394,111882.0,-7.713177018024003,,,,,,,,,0.0003765400487995903,132788.0,-7.8844861450677,,,,,,,,
2001-03,50.0,3.912023005428146,,,,0.015288182235132243,3270.5,-4.180675151973121,,,,,,,,,0.008653363562416711,5778.1,-4.749807182474923,,,,,,,,,0.0019128505298595967,26139.0,-6.259160725471251,,,,,,,,,0.00046150580112792015,108341.0,-7.681015933942364,,,,,,,,,0.0004472031912419727,111806.0,-7.712497500097923,,,,,,,,,0.00037664499702450455,132751.0,-7.8842074666043525,,,,,,,,
2001-04,51.3,3.937690752176724,,,,0.015757948087851328,3255.5,-4.150410400500193,,,,,,,,,0.008904085812476134,5761.4,-4.721245027535552,,,,,,,,,0.001972545853039566,26007.0,-6.228430259360026,,,,,,,,,0.0004741088509560733,108203.0,-7.654073619265956,,,,,,,,,0.00046023002529919433,111466.0,-7.683784138468721,,,,,,,,,0.00038729257575986347,132458.0,-7.856330140850477,,,,,,,,
2001-05,50.8,3.927896354584436,,,,0.01567175690266852,3241.5,-4.155895110030614,,,,,,,,,0.008839702095079,5746.8,-4.728502102552127,,,,,,,,,0.001954447522314558,25992.0,-6.2376477227645,,,,,,,,,0.0004691107212115615,108290.0,-7.664671738037989,,,,,,,,,0.00045610034207525655,111379.0,-7.692797724246338,,,,,,,,,0.00038366261857289587,132408.0,-7.86574698903594,,,,,,,,
2001-06,49.7,3.906004933102583,,,,0.015407508447778778,3225.7,-4.172900326837987,,,,,,,,,0.008675161459242452,5729.0,-4.747291341305995,,,,,,,,,0.0019146313275290856,25958.0,-6.258230193145121,,,,,,,,,0.0004587537037207972,108337.0,-7.686997085122259,,,,,,,,,0.0004470912084056746,111163.0,-7.712747938514909,,,,,,,,,0.00037566137566137566,132300.0,-7.886822417000464,,,,,,,,
2001-07,48.9,3.8897773964808264,,,,0.015226529659037832,3211.5,-4.184716000217021,,,,,,,,,0.00855448454419817,5716.3,-4.761299625446405,,,,,,,,,0.0018890519972185737,25886.0,-6.271680164521557,,,,,,,,,0.00045137350465219317,108336.0,-7.7032153912446,,,,,,,,,0.00044059214142196833,110987.0,-7.727390959837782,,,,,,,,,0.00036997246012771234,132172.0,-7.9020819871834735,,,,,,,,
2001-08,48.4,3.879499813722586,,,,0.015115552779512804,3202.0,-4.192031079834074,,,,,,,,,0.008476654173526218,5709.8,-4.770439462044333,,,,,,,,,0.0018705314009661836,25875.0,-6.281532716845084,,,,,,,,,0.0004466881396915637,108353.0,-7.713649880906605,,,,,,,,,0.0004368112776729872,110803.0,-7.736009315018466,,,,,,,,,0.0003666083426121602,132021.0,-7.911216466101396,,,,,,,,
2001-09,47.7,3.8649313978942956,,,,0.014946886848619684,3191.3,-4.203252238380413,,,,,,,,,0.008376356548308924,5694.6,-4.782342238470206,,,,,,,,,0.0018495540907328422,25790.0,-6.292810700981095,,,,,,,,,0.0004407362235281074,108228.0,-7.727063994059413,,,,,,,,,0.00043159218610037915,110521.0,-7.7480294292382075,,,,,,,,,0.0003620136153548417,131763.0,-7.923828735368334,,,,,,,,
2001-10,47.7,3.8649313978942956,,,,0.015006606682187128,3178.6,-4.199264729368424,,,,,,,,,0.00839374956007602,5682.8,-4.780267950103626,,,,,,,,,0.0018547320942530524,25718.0,-6.290015016936088,,,,,,,,,0.00044136833436658556,108073.0,-7.725630805802944,,,,,,,,,0.0004329397242618696,110177.0,-7.744912044589636,,,,,,,,,0.0003628700970696528,131452.0,-7.921465647058598,,,,,,,,
2001-11,47.4,3.858622228701031,,,,0.014998101506138463,3160.4,-4.199831652147547,,,,,,,,,0.00836864406779661,5664.0,-4.783263406672525,,,,,,,,,0.001849250936329588,25632.0,-6.292974621167055,,,,,,,,,0.00043915319405197573,107935.0,-7.730662244367947,,,,,,,,,0.00043162323116429,109818.0,-7.7479575003469865,,,,,,,,,0.00036143475873848594,131144.0,-7.9254290064052615,,,,,,,,
2001-12,46.7,3.8437441646748516,,,,0.014832931012577818,3148.4,-4.210905501593444,,,,,,,,,0.008272221631771,5645.4,-4.7948521685659236,,,,,,,,,0.0018279317363394396,25548.0,-6.3045701500066285,,,,,,,,,0.00043285228336531066,107889.0,-7.745114035127978,,,,,,,,,0.00042598606195497506,109628.0,-7.761103930645715,,,,,,,,,0.0003565348174954002,130983.0,-7.939078658095086,,,,,,,,
2002-01,46.4,3.8372994592322094,,,,0.014783661505129676,3138.6,-4.214232660372411,,,,,,,,,0.008225200311990357,5641.2,-4.8005526285858755,,,,,,,,,0.0018206073922938082,25486.0,-6.3085851015400145,,,,,,,,,0.0004300437458293171,107896.0,-7.751623619964484,,,,,,,,,0.00042381396028570907,109482.0,-7.766215971932381,,,,,,,,,0.00035458012058780825,130859.0,-7.944576227407775,,,,,,,,
2002-02,44.8,3.8022081394209395,,,,0.014334165226850961,3125.4,-4.245109414558262,,,,,,,,,0.00796302879488091,5626.0,-4.832945849628863,,,,,,,,,0.001758241758241758,25480.0,-6.34344097026516,,,,,,,,,0.00041536478856263385,107857.0,-7.786353415250721,,,,,,,,,0.0004097048844504193,109347.0,-7.800073451465383,,,,,,,,,0.0003426726940345885,130737.0,-7.9787348111768654,,,,,,,,
2002-03,45.8,3.824284091120139,,,,0.01470116196957052,3115.4,-4.219828742772366,,,,,,,,,0.008151496814152991,5618.6,-4.809553710414183,,,,,,,,,0.0017981939536709853,25470.0,-6.320972476853363,,,,,,,,,0.00042432945754389213,107935.0,-7.7650003819488385,,,,,,,,,0.00041906469883155976,109291.0,-7.777485237476695,,,,,,,,,0.00035036183656920794,130722.0,-7.956544118734249,,,,,,,,
2002-04,45.8,3.824284091120139,,,,0.014734268433920988,3108.4,-4.217579312214948,,,,,,,,,0.008167923956271288,5607.3,-4.807540508120103,,,,,,,,,0.0017991122284636838,25457.0,-6.32046194215537,,,,,,,,,0.0004243609106155086,107927.0,-7.764926260519372,,,,,,,,,0.0004195176463044892,109173.0,-7.77640496785355,,,,,,,,,0.00035064616892264343,130616.0,-7.955732908685861,,,,,,,,
2002-05,46.0,3.828641396489095,,,,0.014801943559545646,3107.7,-4.212996785243071,,,,,,,,,0.008204908675799087,5606.4,-4.803022684812922,,,,,,,,,0.0018081050273181087,25441.0,-6.315475928368518,,,,,,,,,0.00042582341288208397,108026.0,-7.7614858213846,,,,,,,,,0.00042156197877527083,109118.0,-7.771543747974478,,,,,,,,,0.00035213423969624597,130632.0,-7.9514980922930505,,,,,,,,
2002-06,46.1,3.8308129500026027,,,,0.0148412851715923,3106.2,-4.210342443133308,,,,,,,,,0.0082174688057041,5610.0,-4.801493048514139,,,,,,,,,0.0018119644682021855,25442.0,-6.313343680713554,,,,,,,,,0.00042646881967122125,108097.0,-7.759971301158195,,,,,,,,,0.00042245131729667815,109125.0,-7.769436343139301,,,,,,,,,0.00035278632321655417,130674.0,-7.949648000976061,,,,,,,,
2002-07,46.2,3.832979798087693,,,,0.01488977697563491,3102.8,-4.207080410529024,,,,,,,,,0.008238378002460816,5607.9,-4.7989517987987025,,,,,,,,,0.0018153241650294696,25450.0,-6.311491223890975,,,,,,,,,0.00042752838621914997,108063.0,-7.757489871279244,,,,,,,,,0.0004236977256052825,109040.0,-7.766490268282721,,,,,,,,,0.0003537952582245911,130584.0,-7.946792178746178,,,,,,,,
2002-08,46.3,3.835141961092188,,,,0.014973158269193454,3092.2,-4.201496129576306,,,,,,,,,0.008270811003929974,5598.0,-4.79502270898321,,,,,,,,,0.00182304996653148,25397.0,-6.307244374702656,,,,,,,,,0.00042817641238104923,108133.0,-7.755975268844289,,,,,,,,,0.00042480182031708747,108992.0,-7.763887802930172,,,,,,,,,0.0003545691945995206,130581.0,-7.944607041759716,,,,,,,,
2002-09,45.7,3.822098297900159,,,,0.01476050515164239,3096.1,-4.215800236029435,,,,,,,,,0.008162900776993838,5598.5,-4.8081556858000924,,,,,,,,,0.0018028324588741174,25349.0,-6.318396262609332,,,,,,,,,0.00042273324329824435,108106.0,-7.768769208349654,,,,,,,,,0.00041943536840559494,108956.0,-7.7766011120897955,,,,,,,,,0.00035018620404284994,130502.0,-7.957045533397787,,,,,,,,
2002-10,45.7,3.822098297900159,,,,0.014775299062398967,3093.0,-4.21479847478491,,,,,,,,,0.008166401601115062,5596.1,-4.807726907632625,,,,,,,,,0.0018019083668480405,25362.0,-6.318908971894686,,,,,,,,,0.00042199937207970894,108294.0,-7.770506731892144,,,,,,,,,0.00041904307799519523,109058.0,-7.7775368318824905,,,,,,,,,0.000349877887258167,130617.0,-7.957926357906423,,,,,,,,
2002-11,44.7,3.7999735016195233,,,,0.014488525865422017,3085.2,-4.234398262440321,,,,,,,,,0.008008599838753024,5581.5,-4.827239334835264,,,,,,,,,0.0017647058823529412,25330.0,-6.339771241376198,,,,,,,,,0.0004126128454594126,108334.0,-7.793000824851461,,,,,,,,,0.00040996010455358374,109035.0,-7.799450708967322,,,,,,,,,0.00034222453604458873,130616.0,-7.980043498186477,,,,,,,,
2002-12,44.5,3.7954891891721947,,,,0.01444945936292496,3079.7,-4.237098279454082,,,,,,,,,0.007969054995433463,5584.1,-4.8321893634191175,,,,,,,,,0.0017559782179780601,25342.0,-6.344729188186659,,,,,,,,,0.00041098294189901826,108277.0,-7.7969588482246825,,,,,,,,,0.0004087180947307512,108877.0,-7.8024848945039,,,,,,,,,0.0003410876480282068,130465.0,-7.983371081367128,,,,,,,,
2003-01,44.3,3.7909846770510898,,,,0.014453035790023163,3065.1,-4.236850797214398,,,,,,,,,0.00794747134066486,5574.1,-4.834901471267623,,,,,,,,,0.0017512650221378873,25296.0,-6.347416882398163,,,,,,,,,0.00040856982117000375,108427.0,-7.802847737412719,,,,,,,,,0.00040661973253049643,108947.0,-7.807632127375792,,,,,,,,,0.00033927381617945515,130573.0,-7.9887030592684045,,,,,,,,
2003-02,44.4,3.7932394694381792,,,,0.014466310439202398,3069.2,-4.235932750865331,,,,,,,,,0.007954565813282691,5581.7,-4.834009199036104,,,,,,,,,0.0017568850902184236,25272.0,-6.344212873043742,,,,,,,,,0.00040952231619919015,108419.0,-7.8005191599430965,,,,,,,,,0.00040802448146888814,108817.0,-7.804183381760041,,,,,,,,,0.0003403837750400564,130441.0,-7.985436826795702,,,,,,,,
2003-03,44.2,3.7887247890836524,,,,0.014434067010645943,3062.2,-4.238164101787342,,,,,,,,,0.007924697445091888,5577.5,-4.837771137223035,,,,,,,,,0.0017520215633423182,25228.0,-6.346984978699889,,,,,,,,,0.00040816326530612246,108290.0,-7.803843303538772,,,,,,,,,0.00040690448791714617,108625.0,-7.806932073484041,,,,,,,,,0.0003393864936461013,130235.0,-7.988371000752384,,,,,,,,
2003-04,43.7,3.7773481021015445,,,,0.014295528149432432,3056.9,-4.247808507445284,,,,,,,,,0.007842363117563663,5572.3,-4.848215071980527,,,,,,,,,0.0017332328560663152,25213.0,-6.357766911397103,,,,,,,,,0.0004034715169421106,108310.0,-7.8154046627282385,,,,,,,,,0.00040247563963233805,108578.0,-7.817875985589802,,,,,,,,,0.00033570709747797163,130173.0,-7.999271511878362,,,,,,,,
2003-05,43.0,3.7612001156935624,,,,0.014091430444043913,3051.5,-4.262188436290987,,,,,,,,,0.0077253373097860255,5566.1,-4.863249792454383,,,,,,,,,0.0017068910765322325,25192.0,-6.373081647087298,,,,,,,,,0.00039681441082288233,108363.0,-7.832041865615035,,,,,,,,,0.0003958390868084323,108630.0,-7.834502775734234,,,,,,,,,0.0003302687465917033,130197.0,-8.01560385132293,,,,,,,,
2003-06,43.9,3.7819143200811256,,,,0.014420392208389447,3044.3,-4.23911194857778,,,,,,,,,0.007902648017137404,5555.1,-4.840557383630754,,,,,,,,,0.001745249264530492,25154.0,-6.350857888525975,,,,,,,,,0.00040498902193767414,108398.0,-7.811650597551848,,,,,,,,,0.00040431018603794434,108580.0,-7.813328187378317,,,,,,,,,0.0003372098382314534,130186.0,-7.9948051560123305,,,,,,,,
2003-07,43.8,3.7796338173824005,,,,0.014425927145774323,3036.2,-4.238728195116214,,,,,,,,,0.00789644479700007,5546.8,-4.841342646497309,,,,,,,,,0.0017432142004298336,25126.0,-6.352024628181963,,,,,,,,,0.00040377967273565337,108475.0,-7.814641193284151,,,,,,,,,0.0004034969737726967,108551.0,-7.8153415702261455,,,,,,,,,0.0003364468751920359,130184.0,-7.99707029595805,,,,,,,,
2003-08,44.0,3.784189633918261,,,,0.014519535374868003,3030.4,-4.232260269073498,,,,,,,,,0.007942811755361398,5539.6,-4.835487941050301,,,,,,,,,0.0017497116952320357,25147.0,-6.348304250200452,,,,,,,,,0.00040572814370153163,108447.0,-7.809827219436856,,,,,,,,,0.0004051677302319585,108597.0,-7.81120942787276,,,,,,,,,0.0003380636635344556,130153.0,-7.992276326565342,,,,,,,,
2003-09,44.6,3.7977338590260183,,,,0.01474282692053418,3025.2,-4.216998624955856,,,,,,,,,0.008053739752248185,5537.8,-4.821618729932137,,,,,,,,,0.0017708953742306929,25185.0,-6.336269999153733,,,,,,,,,0.0004108592116293424,108553.0,-7.797259952932149,,,,,,,,,0.0004101224850112186,108748.0,-7.799054698951202,,,,,,,,,0.00034241316831987227,130252.0,-7.979492455558079,,,,,,,,
2003-10,44.6,3.7977338590260183,,,,0.01473795519132906,3026.2,-4.217329126991452,,,,,,,,,0.008054612439500109,5537.2,-4.821510377787561,,,,,,,,,0.001769209409337935,25209.0,-6.33722249357031,,,,,,,,,0.0004101262563564972,108747.0,-7.799045503337509,,,,,,,,,0.0004096215133953582,108881.0,-7.800276962680371,,,,,,,,,0.00034192227784634964,130439.0,-7.980927104487838,,,,,,,,
2003-11,44.4,3.7932394694381792,,,,0.01464476548584999,3031.8,-4.223672312087739,,,,,,,,,0.008016610995756974,5538.5,-4.826239515518808,,,,,,,,,0.0017624642743728166,25192.0,-6.3410422933426815,,,,,,,,,0.00040811824398852856,108792.0,-7.803953611850615,,,,,,,,,0.0004075450915599614,108945.0,-7.805358977270199,,,,,,,,,0.0003402820355610055,130480.0,-7.985735767856717,,,,,,,,
2003-12,44.8,3.8022081394209395,,,,0.014771828013716695,3032.8,-4.215033424781185,,,,,,,,,0.008072362968034883,5549.8,-4.819309030634192,,,,,,,,,0.0017789778819044593,25183.0,-6.331716303256863,,,,,,,,,0.0004114319300565719,108888.0,-7.7958669705909704,,,,,,,,,0.0004108470970167732,109043.0,-7.797289439410329,,,,,,,,,0.0003430610541469802,130589.0,-7.977602126210017,,,,,,,,
2004-01,44.5,3.7954891891721947,,,,0.01464345651387015,3038.9,-4.223761697642159,,,,,,,,,0.008000143822810299,5562.4,-4.8282957596126135,,,,,,,,,0.0017608420386198164,25272.0,-6.3419631533097265,,,,,,,,,0.00040809963133471507,109042.0,-7.803999218922892,,,,,,,,,0.000407441996740464,109218.0,-7.805611974701759,,,,,,,,,0.00034032855088867814,130756.0,-7.985599080803441,,,,,,,,
2004-02,44.4,3.7932394694381792,,,,0.014603341665570318,3040.4,-4.226504895253706,,,,,,,,,0.007973135561262053,5568.7,-4.8316774430649865,,,,,,,,,0.0017563291139240506,25280.0,-6.344529378822615,,,,,,,,,0.0004068616670332087,109128.0,-7.807037314734777,,,,,,,,,0.00040632921818231735,109271.0,-7.808346844727456,,,,,,,,,0.00033939505125323916,130821.0,-7.988345786138926,,,,,,,,
2004-03,44.2,3.7887247890836524,,,,0.014508928571428572,3046.4,-4.232991055513394,,,,,,,,,0.007927255770575892,5575.7,-4.837448359900719,,,,,,,,,0.0017434521931208584,25352.0,-6.351888112287104,,,,,,,,,0.00040408842405514623,109382.0,-7.813876832528351,,,,,,,,,0.00040346136994304075,109552.0,-7.815429812277192,,,,,,,,,0.000337044380051853,131140.0,-7.995295944733958,,,,,,,,
2004-04,43.5,3.7727609380946383,,,,0.014249213836477986,3052.8,-4.251053543159329,,,,,,,,,0.007772437329140387,5596.7,-4.857171479217248,,,,,,,,,0.0017135428976601276,25386.0,-6.369192181853484,,,,,,,,,0.0003968616002189581,109610.0,-7.83192295211513,,,,,,,,,0.00039618207981930456,109798.0,-7.833636654860787,,,,,,,,,0.00033101999817368276,131412.0,-8.013331766969122,,,,,,,,
2004-05,43.9,3.7819143200811256,,,,0.014376944489929589,3053.5,-4.242129432582064,,,,,,,,,0.007841386085558632,5598.5,-4.848339663619126,,,,,,,,,0.0017273263820578397,25415.0,-6.361180509799877,,,,,,,,,0.00039975959787280543,109816.0,-7.8246471968503695,,,,,,,,,0.0003987900039061435,110083.0,-7.827075585621668,,,,,,,,,0.0003333409265207256,131697.0,-8.006344788347521,,,,,,,,
2004-06,43.4,3.770459441106359,,,,0.014181152790484902,3060.4,-4.255841464251338,,,,,,,,,0.00774681827106724,5602.3,-4.86047306558257,,,,,,,,,0.0017049025769956003,25456.0,-6.374247309471209,,,,,,,,,0.00039487930705050633,109907.0,-7.836930391524476,,,,,,,,,0.0003938544190647319,110193.0,-7.839529211705913,,,,,,,,,0.00032930178915580374,131794.0,-8.018535935387472,,,,,,,,
2004-07,42.9,3.758871825933971,,,,0.013988978380669776,3066.7,-4.269485517941194,,,,,,,,,0.0076465136175673755,5610.4,-4.87350547128873,,,,,,,,,0.0016852608422375864,25456.0,-6.385834924643597,,,,,,,,,0.00039017025611175785,109952.0,-7.848927359969902,,,,,,,,,0.00038912270517379,110248.0,-7.85161582662101,,,,,,,,,0.000325359867732492,131854.0,-8.03057870289203,,,,,,,,
2004-08,43.6,3.775057150354989,,,,0.014193632397942574,3071.8,-4.2549618376265395,,,,,,,,,0.007760078312716918,5618.5,-4.858762852992968,,,,,,,,,0.0017119522538087011,25468.0,-6.370120890781927,,,,,,,,,0.00039637805011091316,109996.0,-7.833142130122027,,,,,,,,,0.00039523900174956715,110313.0,-7.836019908322396,,,,,,,,,0.0003304557409105723,131939.0,-8.015037823190482,,,,,,,,
2004-09,43.8,3.7796338173824005,,,,0.014240197672150333,3075.8,-4.251686491623423,,,,,,,,,0.0077774029156382615,5631.7,-4.856532811991284,,,,,,,,,0.0017164354573242415,25518.0,-6.367505547099288,,,,,,,,,0.0003977081838900945,110131.0,-7.829792027913336,,,,,,,,,0.000396545168124287,110454.0,-7.832720606292217,,,,,,,,,0.00033159460666671713,132089.0,-8.011597399411047,,,,,,,,
2004-10,44.3,3.7909846770510898,,,,0.014386386516416067,3079.3,-4.241472900358898,,,,,,,,,0.007861300397501419,5635.2,-4.845803241250797,,,,,,,,,0.0017334481139458444,25556.0,-6.357642724671144,,,,,,,,,0.00040117726964002717,110425.0,-7.821107159413637,,,,,,,,,0.00039991694727054423,110773.0,-7.824253664238403,,,,,,,,,0.0003345188742647003,132429.0,-8.002817254682308,,,,,,,,
2004-11,45.3,3.8133070324889884,,,,0.014724046024832608,3076.6,-4.218273337632662,,,,,,,,,0.008035904349677145,5637.2,-4.823835734828368,,,,,,,,,0.0017712609970674485,25575.0,-6.336063558330839,,,,,,,,,0.0004099287827920403,110507.0,-7.79952711386082,,,,,,,,,0.0004088041800904242,110811.0,-7.802274293856939,,,,,,,,,0.00034187905179505366,132503.0,-7.9810535331725445,,,,,,,,
2004-12,44.8,3.8022081394209395,,,,0.014522350805536644,3084.9,-4.232066381482316,,,,,,,,,0.007927379540990568,5651.3,-4.837432746748824,,,,,,,,,0.0017501367294319868,25598.0,-6.348061362994797,,,,,,,,,0.000404968090683926,110626.0,-7.811702282396458,,,,,,,,,0.00040383280600701294,110937.0,-7.814509612178522,,,,,,,,,0.0003377817989896705,132630.0,-7.993110436067459,,,,,,,,
2005-01,45.1,3.8088822465086327,,,,0.01461817710359134,3085.2,-4.225489517551211,,,,,,,,,0.007988663537330618,5645.5,-4.8297318001119445,,,,,,,,,0.00176,25625.0,-6.342441469932076,,,,,,,,,0.00040695890707621233,110822.0,-7.8067983430337415,,,,,,,,,0.0004061379968661636,111046.0,-7.8088175623543155,,,,,,,,,0.0003396570292436418,132781.0,-7.987574186990865,,,,,,,,
2005-02,45.0,3.8066624897703196,,,,0.014559337388378413,3090.8,-4.229522746289109,,,,,,,,,0.007952497084084402,5658.6,-4.834269301007574,,,,,,,,,0.0017515861585769336,25691.0,-6.347233525228031,,,,,,,,,0.0004054090577392589,110999.0,-7.810613981474561,,,,,,,,,0.00040434899811303803,111290.0,-7.813232196197151,,,,,,,,,0.00033825939233579383,133034.0,-7.991697523861209,,,,,,,,
2005-03,45.5,3.817712325956905,,,,0.014695907754917477,3096.1,-4.22018620797269,,,,,,,,,0.008025823749382629,5669.2,-4.8250909673358455,,,,,,,,,0.0017697394010112797,25710.0,-6.336922974303031,,,,,,,,,0.00040958150671983727,111089.0,-7.800374634868023,,,,,,,,,0.00040838673775288564,111414.0,-7.803295945871746,,,,,,,,,0.00034170959941120805,133154.0,-7.98154930614074,,,,,,,,
2005-04,45.9,3.8264651170664994,,,,0.014804063860667634,3100.5,-4.212853550723433,,,,,,,,,0.00807942123884459,5681.1,-4.8184350378704695,,,,,,,,,0.0017800356782750328,25786.0,-6.331121870904283,,,,,,,,,0.00041208421241639356,111385.0,-7.794282830432475,,,,,,,,,0.0004106794552905177,111766.0,-7.797697561894286,,,,,,,,,0.0003437687237866986,133520.0,-7.975541441269217,,,,,,,,
2005-05,45.2,3.8110970868381857,,,,0.0145379691872246,3109.1,-4.230991487386474,,,,,,,,,0.007939993324784374,5692.7,-4.835842844430704,,,,,,,,,0.0017503097893432466,25824.0,-6.3479624842314895,,,,,,,,,0.0004053120992835302,111519.0,-7.810853172114527,,,,,,,,,0.00040390320620509705,111908.0,-7.814335297310303,,,,,,,,,0.00033809812325621405,133689.0,-7.992174399119984,,,,,,,,
2005-06,46.5,3.8394523125933104,,,,0.014926331332455942,3115.3,-4.2046284221771035,,,,,,,,,0.008153317435825501,5703.2,-4.8093303872101085,,,,,,,,,0.0017975182651049518,25869.0,-6.321348307027123,,,,,,,,,0.0004160552592963745,111764.0,-7.784692471677724,,,,,,,,,0.00041449391629897045,112185.0,-7.788452260700567,,,,,,,,,0.00034714964015886764,133948.0,-7.965754631323594,,,,,,,,
2005-07,47.1,3.8522730010223722,,,,0.015089382969180496,3121.4,-4.1937638970860815,,,,,,,,,0.00824493225501523,5712.6,-4.798156539497328,,,,,,,,,0.0018162187174642348,25933.0,-6.310998566922958,,,,,,,,,0.00042017556380245503,112096.0,-7.774837924974841,,,,,,,,,0.0004188788986419786,112443.0,-7.777928704538645,,,,,,,,,0.00035070737155621745,134300.0,-7.955558381488957,,,,,,,,
2005-08,47.4,3.858622228701031,,,,0.015158783459656528,3126.9,-4.189175148712356,,,,,,,,,0.008282948310208645,5722.6,-4.793556297852867,,,,,,,,,0.0018255343731946852,25965.0,-6.305882527577388,,,,,,,,,0.0004221664083792016,112278.0,-7.770110989004813,,,,,,,,,0.00042081339500528236,112639.0,-7.7733210648105215,,,,,,,,,0.0003524111165633225,134502.0,-7.9507121191009205,,,,,,,,
2005-09,47.7,3.8649313978942956,,,,0.015234262719172177,3131.1,-4.18420826159982,,,,,,,,,0.008327513966480448,5728.0,-4.788190310746186,,,,,,,,,0.0018385045288109463,25945.0,-6.298802793907544,,,,,,,,,0.00042464546110087333,112329.0,-7.764255946360378,,,,,,,,,0.0004232212728579414,112707.0,-7.767615412005957,,,,,,,,,0.00035450978060526785,134552.0,-7.944774622512973,,,,,,,,
2005-10,47.2,3.8543938925915096,,,,0.015035677879714578,3139.2,-4.1973293767795345,,,,,,,,,0.008228730822873082,5736.0,-4.800123489687946,,,,,,,,,0.0018183919559271104,25957.0,-6.30980270914497,,,,,,,,,0.00042011197052095665,112351.0,-7.7749892857389185,,,,,,,,,0.00041839520618373936,112812.0,-7.779084102775041,,,,,,,,,0.00035056186451378114,134641.0,-7.955973363458906,,,,,,,,
2005-11,47.3,3.856510295497887,,,,0.015032098137672407,3146.6,-4.197567488308436,,,,,,,,,0.008228090317642555,5748.6,-4.8002013303869955,,,,,,,,,0.0018183216084265558,26013.0,-6.309841396547383,,,,,,,,,0.000419914419133183,112642.0,-7.77545963141817,,,,,,,,,0.00041807350315543846,113138.0,-7.779853296028945,,,,,,,,,0.00035037815655162706,134997.0,-7.95649753945354,,,,,,,,
2005-12,47.8,3.86702563949741,,,,0.015131849694513911,3158.9,-4.190953505216415,,,,,,,,,0.008297170630098941,5761.0,-4.791840710234973,,,,,,,,,0.0018361310644182383,26033.0,-6.3000946034829735,,,,,,,,,0.00042381146596208745,112786.0,-7.766221857370794,,,,,,,,,0.0004219632768361582,113280.0,-7.770592269430137,,,,,,,,,0.00035365754407771583,135159.0,-7.947181502664796,,,,,,,,
2006-01,47.8,3.86702563949741,,,,0.015068406783935439,3172.2,-4.195154992972049,,,,,,,,,0.008269180866707032,5780.5,-4.795219823617966,,,,,,,,,0.0018344398817975974,26057.0,-6.301016085598476,,,,,,,,,0.0004231511481737221,112962.0,-7.767781118455357,,,,,,,,,0.0004208487409755238,113580.0,-7.7732370739340135,,,,,,,,,0.0003529576819984198,135427.0,-7.949162389241589,,,,,,,,
2006-02,47.8,3.86702563949741,,,,0.015030973868746265,3180.1,-4.197642282323261,,,,,,,,,0.008246355559389287,5796.5,-4.797983926613046,,,,,,,,,0.0018321195860482942,26090.0,-6.302281738633364,,,,,,,,,0.0004222614840989399,113200.0,-7.76988580525381,,,,,,,,,0.0004198322427649203,113855.0,-7.775655348465355,,,,,,,,,0.00035216196503429524,135733.0,-7.951419360254237,,,,,,,,
2006-03,47.8,3.86702563949741,,,,0.014989024772656004,3189.0,-4.200437027512647,,,,,,,,,0.00822450489512896,5811.9,-4.8006371792636,,,,,,,,,0.0018293849745493512,26129.0,-6.303775448097402,,,,,,,,,0.00042125300737633404,113471.0,-7.77227693715088,,,,,,,,,0.0004188022955272265,114135.0,-7.778111597781322,,,,,,,,,0.00035137241064996544,136038.0,-7.953663897957287,,,,,,,,
2006-04,48.4,3.879499813722586,,,,0.015146773486887399,3195.4,-4.189967740870885,,,,,,,,,0.008310867661452342,5823.7,-4.790191263838188,,,,,,,,,0.0018527734180607128,26123.0,-6.291071617590117,,,,,,,,,0.0004261201060017784,113583.0,-7.760789312460916,,,,,,,,,0.00042348041403085106,114291.0,-7.767003292802666,,,,,,,,,0.0003553336759415608,136210.0,-7.942453277718801,,,,,,,,
2006-05,47.9,3.8691155044168695,,,,0.0149790480955657,3197.8,-4.20110284793445,,,,,,,,,0.008207957777853936,5835.8,-4.802651134590597,,,,,,,,,0.0018341246745290243,26116.0,-6.3011879278896545,,,,,,,,,0.0004214508820553429,113655.0,-7.771807318616714,,,,,,,,,0.00041898830506547236,114323.0,-7.777667549969923,,,,,,,,,0.00035156221330064807,136249.0,-7.9531238686321455,,,,,,,,
2006-06,47.7,3.8649313978942956,,,,0.014908113514189275,3199.6,-4.2058496830803715,,,,,,,,,0.008167948081302763,5839.9,-4.807537554493701,,,,,,,,,0.0018250688705234162,26136.0,-6.30613755538661,,,,,,,,,0.00041936646650782907,113743.0,-7.776765398563794,,,,,,,,,0.00041690337805357693,114415.0,-7.782656070319328,,,,,,,,,0.00034986834094926543,136337.0,-7.957953642966399,,,,,,,,
2006-07,47.3,3.856510295497887,,,,0.014764178918125917,3203.7,-4.215551375347722,,,,,,,,,0.008088096988765581,5848.1,-4.817361805648727,,,,,,,,,0.001808034861052712,26161.0,-6.315514735642336,,,,,,,,,0.00041512348387776234,113942.0,-7.7869345304805675,,,,,,,,,0.00041289849505918503,114556.0,-7.792308769885883,,,,,,,,,0.0003464465424928037,136529.0,-7.967782029756518,,,,,,,,
2006-08,46.7,3.8437441646748516,,,,0.014546020869023518,3210.5,-4.230437802559251,,,,,,,,,0.007974318255553848,5856.3,-4.831529119162306,,,,,,,,,0.0017843496866880638,26172.0,-6.328701251314778,,,,,,,,,0.0004091968526015106,114126.0,-7.801314215506045,,,,,,,,,0.000407216539792991,114681.0,-7.806165475200725,,,,,,,,,0.00034164398794369824,136692.0,-7.98174133401306,,,,,,,,
2006-09,47.7,3.8649313978942956,,,,0.01482102908277405,3218.4,-4.211708222741283,,,,,,,,,0.00813340835848381,5864.7,-4.811775210989888,,,,,,,,,0.0018210972397205362,26193.0,-6.308316080584622,,,,,,,,,0.00041734839403988,114293.0,-7.78158920766851,,,,,,,,,0.0004157080108763857,114744.0,-7.785527441079753,,,,,,,,,0.00034861795272828267,136826.0,-7.961533926696999,,,,,,,,
2006-10,47.2,3.8543938925915096,,,,0.014667039557502875,3218.1,-4.222152509679984,,,,,,,,,0.008050348791594891,5863.1,-4.822039860341868,,,,,,,,,0.0017992604734494721,26233.0,-6.320379546584842,,,,,,,,,0.0004126090529223561,114394.0,-7.793010016408457,,,,,,,,,0.00041123938139838817,114775.0,-7.796335076525913,,,,,,,,,0.00034492082167155065,136843.0,-7.972195669673923,,,,,,,,
2006-11,48.1,3.8732821771117156,,,,0.014949959594703799,3217.4,-4.203046681844492,,,,,,,,,0.008187234042553192,5875.0,-4.805179161900644,,,,,,,,,0.0018293842467576923,26293.0,-6.303775845931545,,,,,,,,,0.0004195011337868481,114660.0,-7.776444329350658,,,,,,,,,0.000418344538472912,114977.0,-7.779205210231004,,,,,,,,,0.00035094119363782286,137060.0,-7.954891888028099,,,,,,,,
2006-12,48.6,3.883623530906448,,,,0.015059027670188702,3227.3,-4.195777622427207,,,,,,,,,0.008237427753012764,5899.9,-4.799067149691182,,,,,,,,,0.001845102505694761,26340.0,-6.295220444390824,,,,,,,,,0.00042315695988715815,114851.0,-7.767767384182033,,,,,,,,,0.0004220178706332873,115161.0,-7.770462897352647,,,,,,,,,0.0003541009406261612,137249.0,-7.945928542464287,,,,,,,,
2007-01,47.5,3.8607297110405954,,,,0.014699056165867244,3231.5,-4.219971993662354,,,,,,,,,0.008046210658264729,5903.4,-4.822554024059179,,,,,,,,,0.0018005382661764149,26381.0,-6.3196696220179245,,,,,,,,,0.00041290703941306353,115038.0,-7.792288076505851,,,,,,,,,0.000411693838460005,115377.0,-7.79523059539221,,,,,,,,,0.00034552490689013037,137472.0,-7.970445827947832,,,,,,,,
2007-02,47.8,3.86702563949741,,,,0.014728992697131234,3245.3,-4.217937435290508,,,,,,,,,0.008077053058465697,5918.0,-4.818728193462745,,,,,,,,,0.0018088246423976387,26426.0,-6.315078013476752,,,,,,,,,0.0004148189289340542,115231.0,-7.787668448768576,,,,,,,,,0.00041410737336371276,115429.0,-7.789385261814903,,,,,,,,,0.0003474847339342832,137560.0,-7.9647898250487925,,,,,,,,
2007-03,47.7,3.8649313978942956,,,,0.014703615794827535,3244.1,-4.21966184300646,,,,,,,,,0.00805539137042979,5921.5,-4.821413676267254,,,,,,,,,0.0018005435603200967,26492.0,-6.319666681710575,,,,,,,,,0.0004133448873483536,115400.0,-7.7912282351618405,,,,,,,,,0.0004125048644441562,115635.0,-7.793262559667177,,,,,,,,,0.00034619404284967777,137784.0,-7.968511122621287,,,,,,,,
2007-04,47.7,3.8649313978942956,,,,0.014653927682713282,3255.1,-4.22304687824267,,,,,,,,,0.008034090143501989,5937.2,-4.824061522856314,,,,,,,,,0.0018006115284436225,26491.0,-6.319628933753678,,,,,,,,,0.00041297986182057454,115502.0,-7.792111726917085,,,,,,,,,0.0004123729165225811,115672.0,-7.793582480813667,,,,,,,,,0.0003460358223247514,137847.0,-7.968968255535198,,,,,,,,
2007-05,47.8,3.86702563949741,,,,0.014651340996168582,3262.5,-4.223223412133539,,,,,,,,,0.008040370058873002,5945.0,-4.823280169627472,,,,,,,,,0.0018024132730015082,26520.0,-6.318628804802389,,,,,,,,,0.00041322314049586776,115676.0,-7.791522819150732,,,,,,,,,0.00041278422093455036,115799.0,-7.792585569007751,,,,,,,,,0.00034639689257348253,137992.0,-7.967925351947055,,,,,,,,
2007-06,47.8,3.86702563949741,,,,0.014633399663248125,3266.5,-4.224448714783395,,,,,,,,,0.008025385738990278,5956.1,-4.825145543957349,,,,,,,,,0.0018028211510899902,26514.0,-6.318402534861384,,,,,,,,,0.0004129411256533195,115755.0,-7.792205528062403,,,,,,,,,0.00041255620862570445,115863.0,-7.7931380981375025,,,,,,,,,0.0003462012022886941,138070.0,-7.968490442412787,,,,,,,,
2007-07,47.6,3.8628327612373745,,,,0.014561027837259101,3269.0,-4.229406645486836,,,,,,,,,0.007983630203616116,5962.2,-4.8303620582279985,,,,,,,,,0.0017943305186972256,26528.0,-6.323123296697648,,,,,,,,,0.0004111423018786439,115775.0,-7.796571170111578,,,,,,,,,0.00041079457682117494,115873.0,-7.797417281503401,,,,,,,,,0.00034481759439019443,138044.0,-7.9724949926628215,,,,,,,,
2007-08,47.1,3.8522730010223722,,,,0.014426611124724332,3264.8,-4.238680783069224,,,,,,,,,0.00790082866440769,5961.4,-4.840787630781355,,,,,,,,,0.0017756833176248822,26525.0,-6.333569962459812,,,,,,,,,0.00040654617017970895,115854.0,-7.8078130556482215,,,,,,,,,0.00040678141760301244,115787.0,-7.807234574275163,,,,,,,,,0.0003412721989957468,138013.0,-7.982830161578706,,,,,,,,
2007-09,47.1,3.8522730010223722,,,,0.01444032253119539,3261.7,-4.237730809811541,,,,,,,,,0.007899106109648314,5962.7,-4.841005676588611,,,,,,,,,0.0017735436984599165,26557.0,-6.334775644381233,,,,,,,,,0.00040599948280320663,116010.0,-7.80915867224708,,,,,,,,,0.0004066655154550164,115820.0,-7.807519539757409,,,,,,,,,0.00034105967458127864,138099.0,-7.983453097219178,,,,,,,,
2007-10,47.7,3.8649313978942956,,,,0.0146188972999479,3262.9,-4.225440251585215,,,,,,,,,0.00798994974874372,5970.0,-4.8295708084923525,,,,,,,,,0.0017964071856287427,26553.0,-6.321966616742691,,,,,,,,,0.00041076426264800863,116125.0,-7.797491078221844,,,,,,,,,0.00041163982809506555,115878.0,-7.795361794606359,,,,,,,,,0.0003452144020264158,138175.0,-7.971344878807169,,,,,,,,
2007-11,47.9,3.8691155044168695,,,,0.014678842853640598,3263.2,-4.221348083586479,,,,,,,,,0.008022644290356077,5970.6,-4.825487199432302,,,,,,,,,0.0017998046141128729,26614.0,-6.320077167686819,,,,,,,,,0.00041192961937359175,116282.0,-7.794658049970428,,,,,,,,,0.000413087722929387,115956.0,-7.791850583370439,,,,,,,,,0.0003463735628028057,138290.0,-7.967992704041834,,,,,,,,
2007-12,47.8,3.86702563949741,,,,0.014665725769336972,3259.3,-4.22224208788048,,,,,,,,,0.008006163741122873,5970.4,-4.827543566319767,,,,,,,,,0.0017964521948286229,26608.0,-6.321941561935299,,,,,,,,,0.00041055768850867925,116427.0,-7.7979941066466765,,,,,,,,,0.0004120014825157948,116019.0,-7.794483610281914,,,,,,,,,0.00034538820044076736,138395.0,-7.9708415548480644,,,,,,,,
2008-01,48.2,3.8753590210565547,,,,0.01481572557095872,3253.3,-4.212066123728345,,,,,,,,,0.008078708747464929,5966.3,-4.818523227701933,,,,,,,,,0.0018129842774392538,26586.0,-6.3127810193709895,,,,,,,,,0.00041390444131487656,116452.0,-7.789875428861561,,,,,,,,,0.0004155064955216676,116003.0,-7.786012310766495,,,,,,,,,0.00034828854477531057,138391.0,-7.962479270092946,,,,,,,,
2008-02,48.2,3.8753590210565547,,,,0.014857283767955122,3244.2,-4.2092650445594595,,,,,,,,,0.008092407911084249,5956.2,-4.816828951767176,,,,,,,,,0.0018157845168581654,26545.0,-6.311237663961217,,,,,,,,,0.00041395065227286393,116439.0,-7.789763788652077,,,,,,,,,0.00041583270066947344,115912.0,-7.785227540444003,,,,,,,,,0.0003484446500733758,138329.0,-7.962031163696318,,,,,,,,
2008-03,48.1,3.8732821771117156,,,,0.014840182648401827,3241.2,-4.210416733474855,,,,,,,,,0.008089199825098382,5946.2,-4.817225461938502,,,,,,,,,0.001813383600377003,26525.0,-6.312560786370469,,,,,,,,,0.00041305635943631976,116449.0,-7.791926510787343,,,,,,,,,0.0004153139462595842,115816.0,-7.786475826722164,,,,,,,,,0.0003478977860392452,138259.0,-7.963601839611493,,,,,,,,
2008-04,46.7,3.8437441646748516,,,,0.014471197049982959,3227.1,-4.235595015431218,,,,,,,,,0.007881856540084388,5925.0,-4.84319180132848,,,,,,,,,0.0017672658467360455,26425.0,-6.338321646063586,,,,,,,,,0.0004013096271343743,116369.0,-7.820777291110294,,,,,,,,,0.00040401418807855356,115590.0,-7.814060561613461,,,,,,,,,0.0003383077368878586,138040.0,-7.991554612537088,,,,,,,,
2008-05,46.8,3.845883202923601,,,,0.014551333872271624,3216.2,-4.230072614496323,,,,,,,,,0.007915968945044908,5912.1,-4.838873174311046,,,,,,,,,0.0017769002961500492,26338.0,-6.332884839346565,,,,,,,,,0.00040255294259319786,116258.0,-7.817683935362508,,,,,,,,,0.00040565841481173285,115368.0,-7.809999095318306,,,,,,,,,0.0003394969931302638,137851.0,-7.988045467763909,,,,,,,,
2008-06,47.8,3.86702563949741,,,,0.014909079567075262,3206.1,-4.205784884701551,,,,,,,,,0.008102106886790854,5899.7,-4.815631141645998,,,,,,,,,0.0018181818181818182,26290.0,-6.309918278226516,,,,,,,,,0.00041127124112712407,116225.0,-7.796257607061375,,,,,,,,,0.0004149917956642907,115183.0,-7.787251807412631,,,,,,,,,0.00034713144517066084,137700.0,-7.965807045219336,,,,,,,,
2008-07,46.5,3.8394523125933104,,,,0.014564019042846403,3192.8,-4.229201241141213,,,,,,,,,0.007910450300256876,5878.3,-4.839570570851118,,,,,,,,,0.0017730496453900709,26226.0,-6.335054251498059,,,,,,,,,0.00040035127595826017,116148.0,-7.823168206343778,,,,,,,,,0.00040459762114000816,114929.0,-7.812617512783237,,,,,,,,,0.0003381891968552041,137497.0,-7.991905065075614,,,,,,,,
2008-08,46.3,3.835141961092188,,,,0.014573955743019923,3176.9,-4.2285191964464985,,,,,,,,,0.00790466597237635,5857.3,-4.840302064447338,,,,,,,,,0.001772180969149506,26126.0,-6.33554430495432,,,,,,,,,0.0003992446257189421,115969.0,-7.825936231901663,,,,,,,,,0.00040385890234116045,114644.0,-7.81444499263647,,,,,,,,,0.00033743650290428607,137211.0,-7.99413320489501,,,,,,,,
2008-09,45.9,3.8264651170664994,,,,0.014472647012454674,3171.5,-4.235494824007453,,,,,,,,,0.007851791029457045,5845.8,-4.847013616592851,,,,,,,,,0.001764502364202514,26013.0,-6.33988657497877,,,,,,,,,0.00039683568927506157,115665.0,-7.831988243868671,,,,,,,,,0.0004018455127251079,114223.0,-7.8194428399098665,,,,,,,,,0.00033562445159403335,136760.0,-7.999517726686738,,,,,,,,
2008-10,45.4,3.8155121050473024,,,,0.014450315105990196,3141.8,-4.237039058018537,,,,,,,,,0.007816400668009572,5808.3,-4.851531103015927,,,,,,,,,0.0017527604046019612,25902.0,-6.34656335973623,,,,,,,,,0.0003933971665005849,115405.0,-7.840690854626549,,,,,,,,,0.00039914895113502485,113742.0,-7.826175899622318,,,,,,,,,0.0003331107703369995,136291.0,-8.007035479642811,,,,,,,,
2008-11,44.7,3.7999735016195233,,,,0.014337032522932837,3117.8,-4.244909402259057,,,,,,,,,0.0077460273450361316,5770.7,-4.860575167682003,,,,,,,,,0.0017395703611457038,25696.0,-6.354117115126965,,,,,,,,,0.0003889459304247951,114926.0,-7.852070220344001,,,,,,,,,0.0003956417450721803,112981.0,-7.8350014403446515,,,,,,,,,0.00032978951018511007,135541.0,-8.017055954939188,,,,,,,,
2008-12,44.1,3.7864597824528,,,,0.01425339366515837,3094.0,-4.250760248680211,,,,,,,,,0.0076962007643845655,5730.1,-4.867028479110681,,,,,,,,,0.0017278533087803159,25523.0,-6.360875502955829,,,,,,,,,0.00038503850385038506,114534.0,-7.862167218676157,,,,,,,,,0.00039272960433160275,112291.0,-7.842389212586642,,,,,,,,,0.0003270373089501435,134847.0,-8.025436298926563,,,,,,,,
2009-01,44.0,3.784189633918261,,,,0.014309873812930921,3074.8,-4.246805503556716,,,,,,,,,0.007722956488161059,5697.3,-4.8635580234700475,,,,,,,,,0.0017334436433833669,25383.0,-6.357645303674349,,,,,,,,,0.0003852889667250438,114200.0,-7.861516942285785,,,,,,,,,0.0003946188340807175,111500.0,-7.83759023596405,,,,,,,,,0.0003281647386988268,134079.0,-8.021994823535946,,,,,,,,
2009-02,42.6,3.751854253275325,,,,0.014022844728266237,3037.9,-4.267067512946274,,,,,,,,,0.0075396895630165835,5650.1,-4.8875742698235785,,,,,,,,,0.001688533037377621,25229.0,-6.383895152219541,,,,,,,,,0.0003744956176979948,113753.0,-7.889930456816468,,,,,,,,,0.000384677899983746,110742.0,-7.8631041972600215,,,,,,,,,0.0003195367467258735,133318.0,-8.048638277533678,,,,,,,,
2009-03,43.1,3.763522997109702,,,,0.01433560618659571,3006.5,-4.2450088933699215,,,,,,,,,0.007685723456614002,5607.8,-4.868390767630683,,,,,,,,,0.0017194606239527648,25066.0,-6.3657446280617656,,,,,,,,,0.00038047316384180795,113280.0,-7.874094911817845,,,,,,,,,0.00039205341386650173,109934.0,-7.844112467592819,,,,,,,,,0.00032529774933204525,132494.0,-8.030769643254537,,,,,,,,
2009-04,42.7,3.754198920234579,,,,0.014346672042468837,2976.3,-4.244237277089388,,,,,,,,,0.007676542499640444,5562.4,-4.869586028550229,,,,,,,,,0.0017142398329920913,24909.0,-6.368785542695561,,,,,,,,,0.000378073507406522,112941.0,-7.880421917211948,,,,,,,,,0.00039122268541848005,109145.0,-7.846233632173884,,,,,,,,,0.00032392165192456497,131822.0,-8.035008886461556,,,,,,,,
2009-05,42.6,3.751854253275325,,,,0.014416731530677858,2954.9,-4.239365835044709,,,,,,,,,0.007694530741998411,5536.4,-4.867245495747222,,,,,,,,,0.0017143547024025111,24849.0,-6.368718535991049,,,,,,,,,0.0003775859318218078,112822.0,-7.881712381214821,,,,,,,,,0.0003913678582256153,108849.0,-7.845862626390644,,,,,,,,,0.0003240381543516955,131466.0,-8.034649288760411,,,,,,,,
2009-06,41.8,3.7328963395307104,,,,0.014226397113879246,2938.2,-4.252656088405616,,,,,,,,,0.0075826288865508094,5512.6,-4.881895320649422,,,,,,,,,0.001685823754789272,24795.0,-6.385500959392524,,,,,,,,,0.0003712288741463068,112599.0,-7.898691774122908,,,,,,,,,0.00038549505680979783,108432.0,-7.860982187845184,,,,,,,,,0.00031906448461162674,131008.0,-8.05011732949025,,,,,,,,
2009-07,41.7,3.730501128804756,,,,0.014285224898085027,2919.1,-4.248529499770196,,,,,,,,,0.007598396501457726,5488.0,-4.8798180406009655,,,,,,,,,0.001688806091041633,24692.0,-6.383733454709031,,,,,,,,,0.000371003042758768,112398.0,-7.899300293884358,,,,,,,,,0.00038560767886370575,108141.0,-7.860690081360539,,,,,,,,,0.0003191440510630482,130662.0,-8.049867986376249,,,,,,,,
2009-08,41.4,3.7232808808312687,,,,0.014235609655456984,2908.2,-4.252008731248116,,,,,,,,,0.007567310680144035,5470.9,-4.883917534871395,,,,,,,,,0.0016791044776119403,24656.0,-6.389494676728629,,,,,,,,,0.00036853724540663723,112336.0,-7.905968778425762,,,,,,,,,0.0003835641821466623,107935.0,-7.866003592237709,,,,,,,,,0.00031730946103378504,130472.0,-8.055633042505486,,,,,,,,
2009-09,40.6,3.703768066607687,,,,0.014015465341066003,2896.8,-4.267593891843744,,,,,,,,,0.007443668298406762,5454.3,-4.90039150078565,,,,,,,,,0.0016504735964876622,24599.0,-6.4066930040800125,,,,,,,,,0.0003618151356361174,112212.0,-7.92437715161576,,,,,,,,,0.0003766408460503734,107795.0,-7.884218487584421,,,,,,,,,0.00031171782626721744,130246.0,-8.073412182363615,,,,,,,,
2009-10,40.1,3.6913763343125234,,,,0.013912017762975298,2882.4,-4.27500222512136,,,,,,,,,0.0073786479225701985,5434.6,-4.909164865478273,,,,,,,,,0.0016356665035079133,24516.0,-6.4157049102930985,,,,,,,,,0.00035753452749271114,112157.0,-7.9362786200946065,,,,,,,,,0.0003728949105889136,107537.0,-7.894213919065413,,,,,,,,,0.0003083168667010095,130061.0,-8.084382515840096,,,,,,,,
2009-11,39.5,3.676300671907076,,,,0.013762586669454027,2870.1,-4.285801479445155,,,,,,,,,0.007282448377581121,5424.0,-4.922288157713155,,,,,,,,,0.0016135620915032679,24480.0,-6.429311064719187,,,,,,,,,0.0003520530486011462,112199.0,-7.951728687467967,,,,,,,,,0.00036735984524385255,107524.0,-7.909168685538861,,,,,,,,,0.0003037129873824554,130057.0,-8.099427422972933,,,,,,,,
2009-12,39.6,3.6788291182604347,,,,0.013846637994335467,2859.9,-4.279712819907207,,,,,,,,,0.007319507596761673,5410.2,-4.917212221473481,,,,,,,,,0.001624015748031496,24384.0,-6.422853340225938,,,,,,,,,0.0003534893685394462,112026.0,-7.947657147932956,,,,,,,,,0.00036896930846206885,107326.0,-7.9047970922825135,,,,,,,,,0.0003050659435473931,129808.0,-8.094982596374411,,,,,,,,
2010-01,39.2,3.6686767467964168,3.683943632775122,39.8030535924273,-0.01526688597870507,0.013753903371811517,2850.1,-4.2864326135700175,-4.278606437709558,0.013861966145943145,-0.007826175860459195,0.013830223124451365,-0.005518331262849789,-4.282741800611935,1.380476025048238,-0.003690812958082823,0.00727380687300527,5389.2,-4.923475483085276,-4.918086346608188,0.00731311222678171,-0.005389136477087497,0.007288421852190823,-0.0020052323372527405,-4.919292799217872,0.7304294623530547,-0.004182683867403725,0.001604387508697254,24433.0,-6.435013209752354,-6.424050117631127,0.0016220733252342782,-0.010963092121226481,0.0016193360513064138,-0.009231278830048944,-6.430756509125629,0.1611231462007124,-0.004256700626724452,0.00034965970617880813,112109.0,-7.95855014450054,-7.936737291749655,0.00035737057414250077,-0.021812852750885625,0.0003571480884280649,-0.020967163179329288,-7.952546470221036,0.03517652633787691,-0.00600367427950399,0.00036529339955829323,107311.0,-7.914809692877348,-7.89682392888263,0.00037192292021547354,-0.017985763994718518,0.00037181021897989946,-0.01752727356307153,-7.908809316367132,0.03674918867715705,-0.006000376510216121,0.0003019984283755258,129802.0,-8.105088744657495,-8.083312545841912,0.0003086469330473683,-0.02177619881558357,0.0003084676100100424,-0.020971996490347897,-8.098874301619244,0.030388102398920296,-0.0062144430382513605
2010-02,39.3,3.6712245188752153,3.686295293694545,39.896767025955256,-0.015070774819329724,0.013807884196472489,2846.2,-4.282515531374344,-4.277214624593492,0.013881272844781212,-0.005300906780851378,0.013851185407269305,-0.003126173646776214,-4.281170914242197,1.3826463002012683,-0.0013446171321467304,0.007306054916249929,5379.1,-4.9190518340413565,-4.916491197095726,0.007324787043248188,-0.002560636945630357,0.007301293582490523,0.000652121943271058,-4.917590033738906,0.7316742719349937,-0.0014618003024509107,0.00160927070963515,24421.0,-6.431974177992,-6.422858417108361,0.0016240075031154196,-0.00911576088363919,0.0016214138057763761,-0.007489202384959137,-6.429169079810172,0.16137912092352646,-0.0028050981818283915,0.00035060173248998596,112093.0,-7.955859643989104,-7.935773385117619,0.00035771521208172467,-0.020086258871485185,0.0003575107442309818,-0.019325326168469097,-7.950832023390923,0.03523688634918147,-0.00502762059818096,0.0003665019117784202,107230.0,-7.911506820338976,-7.89611709945512,0.00037218589920994444,-0.015389720883855595,0.00037208320886082777,-0.015000131555238114,-7.907516858864096,0.036796716148796,-0.003989961474879955,0.0003029929224553991,129706.0,-8.10180111096072,-8.082370697873484,0.00030893776847409866,-0.019430413087235365,0.0003087732213391587,-0.018720207855753335,-8.097197350155419,0.030439104523812825,-0.004603760805300894
2010-03,39.3,3.6712245188752153,3.688646954613968,39.99070110103784,-0.017422435738752906,0.013824884792626727,2842.7,-4.28128506487235,-4.2758228114774255,0.013900606433644566,-0.0054622533949242325,0.013872147690087244,-0.003407035342789046,-4.279600056350949,1.3848199478515528,-0.0016850085214006327,0.007306054916249929,5379.1,-4.9190518340413565,-4.914896047583265,0.007336480497653652,-0.004155786458091448,0.007314165312790224,-0.001108861530120511,-4.915887300533736,0.7329211792871985,-0.0031645335076202485,0.0016062451465238892,24467.0,-6.4338560309446775,-6.4216667165855945,0.0016259439873313102,-0.012189314359082992,0.0016234915602463384,-0.010623038730076485,-6.427581683339627,0.1616354970019058,-0.006274347605050856,0.0003502392856188006,112209.0,-7.9568939638822975,-7.934809478485584,0.0003580601823798994,-0.022084485396713482,0.0003578734000338987,-0.021331885561695695,-7.949117622885461,0.03529734829813837,-0.0077763409968367725,0.00036609904236688153,107348.0,-7.912606653610744,-7.895410270027611,0.00037244906415141574,-0.01719638358313258,0.00037235619874175603,-0.016804222397849976,-7.906224447660256,0.03684430338152372,-0.006382205950487219,0.00030261962330402104,129866.0,-8.10303390972379,-8.081428849905059,0.0003092288779526216,-0.02160505981873051,0.0003090788326682749,-0.020898258572065755,-8.095520446642535,0.030490190786513296,-0.007513463081254557
2010-04,39.7,3.681351187693145,3.690998615533392,40.084856337159785,-0.00964742784024697,0.013965104826227663,2842.8,-4.271193573259596,-4.274430998361359,0.013919966949985142,0.0032374251017630584,0.013893109972905184,0.005182054519318283,-4.2780292657918135,1.3869969192872114,0.006835692532217941,0.00737973083500632,5379.6,-4.909018113256249,-4.913300898070803,0.007348192619752139,0.004282784814553686,0.007327037043089925,0.007191691758415606,-4.914184643155485,0.7341701559286989,0.005166529899235606,0.0016224610731946545,24469.0,-6.42381110154154,-6.420475016062828,0.0016278827806320486,-0.003336085478712114,0.0016255693147163006,-0.0019120941158935483,-6.425994374203182,0.16189226623523373,0.0021832726616421994,0.0003531871358035675,112405.0,-7.948512511744965,-7.933845571853548,0.00035840548535754285,-0.01466693989141632,0.0003582360558368156,-0.014093835477989976,-7.9474033538226685,0.03535790934445753,-0.0011091579222961556,0.00036912720476797056,107551.0,-7.904369244960435,-7.894703440600101,0.0003727124151713675,-0.00966580436033393,0.0003726291886226843,-0.009398039556852205,-7.904932159841552,0.03689194760436619,0.0005629148811170381,0.0003051029818628958,130120.0,-8.094861192894143,-8.080487001936632,0.00030952026174117494,-0.014374190957511246,0.00030938444399739116,-0.013838647086378577,-8.093843674554378,0.030541358773924738,-0.0010175183397649334
2010-05,39.7,3.681351187693145,3.693350276452815,40.17923325502885,-0.011999088759670151,0.013962157979883238,2843.4,-4.271404610508453,-4.273039185245293,0.013939354431307036,0.001634574736839589,0.013914072255723123,0.0034559058826460222,-4.2764585944200215,1.3891771474038228,0.005053983911568416,0.007386733649641828,5374.5,-4.908069637719973,-4.911705748558341,0.007359923439345166,0.003636110838368012,0.007339908773389626,0.006379490222271221,-4.912482129574968,0.7354211552090357,0.00441249185499526,0.0016215333088265328,24483.0,-6.424383090444207,-6.419283315540062,0.0016298238857710128,-0.005099774904145704,0.0016276470691862631,-0.003756195354307917,-6.424407255303204,0.16214941251762033,2.4164858996478245e-05,0.0003515919054155781,112915.0,-7.953039414558259,-7.9328816652215135,0.00035875112133548103,-0.020157749336745745,0.0003585987116397325,-0.019539407133157223,-7.945689361323195,0.03541856450226452,-0.007350053235064102,0.00036880144176281517,107646.0,-7.905252156954295,-7.893996611172592,0.00037297595240137115,-0.011255545781702736,0.0003729021785036126,-0.010996816262251206,-7.903640121739336,0.03693964421261835,-0.0016120352149586736,0.00030388389644984005,130642.0,-8.098864849080801,-8.079545153968205,0.0003098119200982381,-0.019319695112596236,0.00030969005532650737,-0.01874828970709397,-8.092167175338986,0.03059260428247091,-0.00669767374181518
2010-06,40.0,3.6888794541139363,3.6957019373722386,40.273832376578824,-0.00682248325830237,0.014081036364276411,2840.7,-4.262926325543628,-4.271647372129226,0.01395876891516662,0.008721046585598025,0.013935034538541061,0.01047732069350403,-4.274888041346264,1.3913606380378118,0.011961715802636164,0.007437985793447135,5377.8,-4.901155193477435,-4.91011059904588,0.007371672986281827,0.008955405568444874,0.007352780503689326,0.01158817262599584,-4.910779787897803,0.7366741595099419,0.009624594420367671,0.0016323199347072026,24505.0,-6.417753003229712,-6.418091615017295,0.0016317673055048641,0.0003386117875834316,0.0016297248236562254,0.001592361491527862,-6.422820412695814,0.16240692237393675,0.005067409466102291,0.0003547262843308532,112763.0,-7.9441640959393425,-7.931917758589479,0.00035909709063485016,-0.0122463373498638,0.00035896136744264937,-0.011798158509279637,-7.943975799066006,0.03547930844700142,-0.00018829687333621337,0.0003711608054189478,107770.0,-7.898875151476941,-7.893289781745083,0.00037323967597309237,-0.005585369731857526,0.00037317516838454085,-0.005397901940563629,-7.90234845534148,0.03698738873815812,0.0034733038645393677,0.00030648992414374375,130510.0,-8.090325677047637,-8.07860330599978,0.00031010385328253425,-0.011722371047858005,0.0003099956666556236,-0.011309004895782593,-8.090491098295615,0.030643922839119205,0.0001654212479778039
2010-07,39.9,3.686376323895818,3.698053598291662,40.3686542249723,-0.011677274395843984,0.014022140221402213,2845.5,-4.267117754147361,-4.27025555901316,0.013978210439172517,0.0031378048657986213,0.013955996821359002,0.004739424986252657,-4.273317566684444,1.3935474513833173,0.006199812537082572,0.00741580551631849,5380.4,-4.904141675938608,-4.908515449533418,0.007383441290458886,0.004373773594809727,0.007365652233989026,0.006809075521924536,-4.909077612182601,0.7379291762007186,0.004935936243993133,0.001626844980836663,24526.0,-6.421112734426154,-6.416899914494529,0.0016337130425935504,-0.004212819931624701,0.0016318025781261879,-0.003038110955320123,-6.421233932250682,0.16266478227119502,0.00012119782452835182,0.0003541881191634414,112652.0,-7.945682375912607,-7.930953851957443,0.0003594433935770962,-0.014728523955164441,0.0003593240232455663,-0.014293238831445879,-7.942262877443446,0.035540133801253704,-0.0034194984691611197,0.00036997199710698587,107846.0,-7.902083238684777,-7.892582952317573,0.00037350358601828985,-0.009500286367203792,0.00037344815826546916,-0.00930828304155735,-7.901057295074403,0.03703517622889556,-0.0010259436103741137,0.0003059464018709504,130415.0,-8.092100628638198,-8.077661458031352,0.0003103960615530318,-0.014439170606845408,0.00031030127798473985,-0.014034347979719329,-8.08881564440311,0.030695308353931472,-0.0032849842350870517
2010-08,39.7,3.681351187693145,3.7004052592110854,40.463699324603695,-0.019054071517940585,0.013952834498998349,2845.3,-4.2720726014626775,-4.268863745897093,0.013997679040985788,-0.0032088555655844786,0.01397695910417694,-0.001726026741495017,-4.271747038251275,1.3957377768126527,-0.0003255632114020912,0.007375754760798886,5382.5,-4.909557041545373,-4.906920300020956,0.007395228381820817,-0.0026367415244168413,0.007378523964288727,-0.00037530588817541775,-4.907375522224132,0.7391862675794031,-0.002181519321240444,0.001617964706361821,24537.0,-6.426586273709939,-6.415708213971762,0.0016356610998003122,-0.010878059738177015,0.0016338803325961502,-0.0097409987235969,-6.419647860737096,0.1629229849584541,-0.006938412972842478,0.00035245967133357603,112637.0,-7.950574349821319,-7.929989945325408,0.00035979003048397415,-0.020584404495910924,0.00035968667904848315,-0.02009250866344418,-7.940550808300768,0.03560103308467792,-0.010023541520551404,0.00036760961155609057,107995.0,-7.9084890210452095,-7.891876122890064,0.0003737676826688145,-0.016612898155145217,0.0003737211481463974,-0.016353199760353904,-7.899766748564341,0.037083002700832556,-0.008722272480868654,0.00030441283594678526,130415.0,-8.097125764840872,-8.076719610062925,0.0003106885451689418,-0.020406154777946384,0.00031060688931385606,-0.019941777147164157,-8.087141013363919,0.030746754734888762,-0.00998475147695288
2010-09,39.9,3.686376323895818,3.7027569201305086,40.55896820110198,-0.016380596234690792,0.014,2850.0,-4.268697949366879,-4.267471932781026,0.014017174758319905,-0.0012260165858526406,0.01399792138699488,0.0001484944048229131,-4.270176276025413,1.3979318717392708,0.0014783266585345345,0.007405345211581291,5388.0,-4.905553213634437,-4.905325150508495,0.007407034290359896,-0.00022806312594170208,0.007391395694588428,0.0018872642690576824,-4.905673399731237,0.74044552455267,0.00012018609680009007,0.0016243282852955545,24564.0,-6.422660911553472,-6.414516513448995,0.0016376114798916808,-0.00814439810447709,0.0016359580870661124,-0.007108862911894348,-6.418062243989177,0.16318152328921112,-0.004598667564295056,0.00035444927111371693,112569.0,-7.944945322052111,-7.929026038693372,0.0003601370016775506,-0.01591928335873849,0.00036004933485140006,-0.015553601119675424,-7.938839829868244,0.03566199782426606,-0.006105492183866801,0.0003691231705737599,108094.0,-7.904380174028256,-7.891169293462555,0.0003740319660566113,-0.013210880565701189,0.0003739941380273257,-0.013024181285990916,-7.8984769313537635,0.037130863855371135,-0.005903242674492937,0.0003061201003521532,130341.0,-8.091533048202951,-8.0757777620945,0.0003109813043897191,-0.015755286108451116,0.00031091250064297233,-0.015413983937308343,-8.085467430227588,0.030798255068134064,-0.006065617975362869
2010-10,39.9,3.686376323895818,3.705108581049932,40.65446138133375,-0.018732257154113974,0.013976950292500089,2854.7,-4.270345713864021,-4.26608011966496,0.014036697628940869,-0.004265594199060807,0.01401888366981282,-0.0029912065967867833,-4.268605102497573,1.400129991651593,-0.001740611366447986,0.007393818100956193,5396.4,-4.907111019668844,-4.903730000996033,0.0074188590461163,-0.0033810186728109315,0.007404267424888129,-0.0014112569593059897,-4.903971143245466,0.7417070261442144,-0.0031398764233783183,0.0016202387720295622,24626.0,-6.425181750456999,-6.413324812926229,0.0016395641856374904,-0.011856937530770217,0.0016380358415360747,-0.010864884061281103,-6.416477181378181,0.16344038131947813,-0.00870456907881767,0.0003536230856494611,112832.0,-7.9472789418617245,-7.928062132061338,0.0003604843074802014,-0.01921680980038687,0.0003604119906543169,-0.018836512604729825,-7.9371302577182865,0.03572301672580428,-0.010148684143437947,0.00036834282654653214,108323.0,-7.906496459583161,-7.890462464035045,0.00037429643631371875,-0.016033995548115243,0.000374267127908254,-0.01582907212512157,-7.8971880262866225,0.0371787528695084,-0.009308433296538077,0.0003054662379421222,130620.0,-8.09367129956083,-8.074835914126073,0.00031127433947506525,-0.018835385434757157,0.00031121811197208854,-0.018481810051216505,-8.083795197086497,0.030849800016520726,-0.009876102474333237
2010-11,39.9,3.686376323895818,3.7074602419693554,40.75017939340608,-0.0210839180735376,0.013959346464681803,2858.3,-4.271605997594634,-4.264688306548893,0.01405624769066732,-0.0069176910457402485,0.014039845952630758,-0.005733644672495229,-4.267033328751626,1.4023324096113292,-0.0045726688430072215,0.007386153276564235,5402.0,-4.908148210456743,-4.902134851483571,0.0074307026791781425,-0.006013358973172345,0.007417139155187829,-0.0041776051352523415,-4.902268650381005,0.7429708525862299,-0.005879560075737977,0.0016203045685279187,24625.0,-6.425141142144472,-6.412133112403462,0.0016415192198108767,-0.013008029741009786,0.001640113596006037,-0.012077838709682499,-6.414892807758908,0.1636995371936179,-0.010248334385564384,0.0003532974427994616,112936.0,-7.948200241668218,-7.927098225429303,0.00036083194821461424,-0.021102016238915056,0.00036077464645723384,-0.020725413304946753,-7.9354224545335805,0.035784076731931784,-0.012777787134637286,0.0003678707750179786,108462.0,-7.9077788363070916,-7.889755634607536,0.0003745610935722676,-0.01802320169955518,0.00037454011778918225,-0.017806751411760913,-7.895900261756578,0.03722666118942188,-0.011878574550513221,0.00030516485785742146,130749.0,-8.094658409818548,-8.073894066157647,0.00031156765068492386,-0.02076434366090041,0.0003115237233012048,-0.020412138685294016,-8.082124662835628,0.030901378734092922,-0.012533746982919425
2010-12,39.8,3.6838669122903918,3.7098119028887786,40.84612276666935,-0.02594499059838684,0.013909761297312409,2861.3,-4.275164433703561,-4.263296493432827,0.014075824981370527,-0.011867940270734678,0.014060808235448698,-0.0107424079474667,-4.265460779302088,1.4045393815015452,-0.009703654401473472,0.007357426749237452,5409.5,-4.912045033837236,-4.90053970197111,0.007442565219681573,-0.011505331866126234,0.00743001088548753,-0.009769048440003064,-4.900565842979482,0.744237066606478,-0.011479190857754062,0.0016141460842762703,24657.0,-6.428949202526217,-6.410941411880696,0.0016434765851882822,-0.018007790645521382,0.0016421913504759994,-0.017077952695098552,-6.413309325151041,0.16395895790356466,-0.015639877375176248,0.0003520566121185316,113050.0,-7.951718565415724,-7.926134318797267,0.00036117992420378804,-0.025584246618456596,0.0003611373022601507,-0.025144702817427856,-7.933716861304557,0.035845161889319736,-0.01800170411116664,0.0003666040308021075,108564.0,-7.91122822752335,-7.8890488051800265,0.0003748259379644833,-0.022179422343323374,0.0003748131076701105,-0.021901787050703135,-7.894613937981619,0.03727457754013578,-0.01661428954173072,0.00030421157226935715,130830.0,-8.09778713721453,-8.07295221818922,0.00031186123827948585,-0.024834919025309432,0.000311829334630321,-0.02442926791988592,-8.08045625257446,0.030952977943813336,-0.017330884640069044
2011-01,39.8,3.6838669122903918,3.7121635638082022,40.94229203172037,-0.028296651517810467,0.013888888888888888,2865.6,-4.276666119016055,-4.261904680316761,0.014095429538974516,-0.014761438699294693,0.014081770518266638,-0.013697256969750174,-4.263887313946409,1.4067511151458412,-0.01277880506964646,0.007349818101235433,5415.1,-4.913079714194866,-4.898944552458648,0.007454446697810866,-0.01413516173621776,0.00744288261578723,-0.012503826723586329,-4.898862688249498,0.7455056975174031,-0.014217025945368,0.0016129685916919957,24675.0,-6.42967895201129,-6.40974971135793,0.0016454362845494596,-0.019929240653360658,0.0016442691049459617,-0.019036125631634152,-6.411727014650917,0.16421859724510135,-0.01795193736037337,0.0003520036792344362,113067.0,-7.951868930050245,-7.925170412165232,0.00036152823577103227,-0.026698517885012762,0.0003614999580630676,-0.026269100775316502,-7.932014017615685,0.035906252596219976,-0.01985491243456039,0.00036655338509288167,108579.0,-7.911366385327414,-7.8883419757525175,0.00037509096962268354,-0.023024409574896154,0.0003750860975510388,-0.022748676940755132,-7.8933294468354,0.03732248716812437,-0.018036938492013377,0.000304195296437552,130837.0,-8.0978406403311,-8.072010370220793,0.0003121551025191858,-0.025830270110306586,0.00031213494595943724,-0.025436592809178742,-8.07879048811348,0.03100458128200478,-0.019050152217619853
2011-02,40.1,3.6913763343125234,3.7145152247276254,41.03868772040509,-0.023138890415101976,0.013944915843650022,2875.6,-4.272640292797193,-4.260512867200694,0.014115061401456158,-0.01212742559649893,0.014102732801084577,-0.0111905231177902,-4.262312867355917,1.4089677141432289,-0.010327425441275295,0.007389253335298887,5426.8,-4.90772858629863,-4.897349402946187,0.007466347143798463,-0.010379183352442922,0.007455754346086931,-0.00891942085282711,-4.897159241973657,0.7467767086637146,-0.010569344324972363,0.001620463913359735,24746.0,-6.425042804461397,-6.408558010835163,0.001647398320677477,-0.01648479362623423,0.0016463468594159242,-0.015721441631912067,-6.410146278032936,0.16447838887209326,-0.014896526428461065,0.00035414329997968753,113231.0,-7.9458089245383,-7.9242065055331965,0.0003618768832399694,-0.02160241900510318,0.0003618626138659845,-0.02133216748706675,-7.930314601953469,0.03596732412250965,-0.0154943225848303,0.0003684239539883501,108842.0,-7.906276234013037,-7.8876351463250085,0.00037535618867928056,-0.01864108768802808,0.00037535908743196707,-0.01847599718729051,-7.892047308388254,0.037370370453806985,-0.014228925624782285,0.000305973736618418,131057.0,-8.092011287739716,-8.071068522252368,0.0003124492436647034,-0.02094276548734797,0.0003124405572885535,-0.020697763204164037,-8.07712802498913,0.031056168123801856,-0.014883262750585047
2011-03,40.3,3.696351468952637,3.7168668856470486,41.135310365821745,-0.02051541669441148,0.013974132251465028,2883.9,-4.270547354787243,-4.259121054084627,0.01413472060684519,-0.011426300702615855,0.014123695083902515,-0.010589497404822335,-4.260737472803831,1.4111891435586135,-0.009809881983411373,0.007401829335488373,5444.6,-4.906028101824323,-4.895754253433725,0.007478266587925087,-0.010273848390598417,0.007468626076386631,-0.008943645084796543,-4.895455669633841,0.7480499810564915,-0.010572432190482317,0.0016253932403000725,24794.0,-6.422005498445455,-6.407366310312397,0.0016493626963587204,-0.014639188133058312,0.0016484246138858865,-0.013971748172044891,-6.408567655589535,0.16473824320019426,-0.013437842855919868,0.00035540112705369816,113393.0,-7.942263471022814,-7.923242598901162,0.00036222586693453277,-0.019020872121652488,0.0003622252696689014,-0.018839499026230177,-7.9286194460059,0.03602834605214507,-0.013644025016914085,0.00036941635881970096,109091.0,-7.903586206340207,-7.886928316897499,0.0003756215952667803,-0.016657889442708296,0.00037563207731289533,-0.01654735808948705,-7.890768181884423,0.03741820247019064,-0.012818024455784283,0.0003069704379089448,131283.0,-8.088759108469795,-8.07012667428394,0.0003127436619769659,-0.018632434185853697,0.00031274616861766977,-0.018467790458484516,-8.075469665729775,0.031107713136031157,-0.013289442740019197
2011-04,39.9,3.686376323895818,3.719218546566472,41.23216050232367,-0.0328422226706544,0.013802407638024075,2890.8,-4.282912235513009,-4.257729240968561,0.014154407193224314,-0.025182994544447723,0.014144657366720456,-0.02419639584212378,-4.259161243250295,1.4134152555631876,-0.02375099226271349,0.007310905892700087,5457.6,-4.918388087768563,-4.894159103921263,0.007490205060519791,-0.024228983847300434,0.0074814978066863325,-0.022801839737730704,-4.8937522182655115,0.7493253337625612,-0.024635869503051744,0.0016029890321803061,24891.0,-6.435885247436577,-6.40617460978963,0.0016513294143828982,-0.02971063764694648,0.0016505023683558487,-0.028787196605402694,-6.406991802555484,0.16499805111634666,-0.02889344488109291,0.0003510593369465756,113656.0,-7.954555297656095,-7.922278692269127,0.0003625751871789691,-0.03227660538696853,0.00036258792547181826,-0.031795290784272706,-7.926929501015927,0.03608928345097618,-0.02762579664016851,0.0003646733020756217,109413.0,-7.916508667996196,-7.88622148746999,0.0003758871895177811,-0.030287180526205937,0.00037590506719382364,-0.029879259681303037,-7.889492836359239,0.037465954050681295,-0.0270158316369562,0.0003031984011793582,131597.0,-8.101123177365112,-8.069184826315514,0.00031303835771714466,-0.03193835104959852,0.000313051779946786,-0.0314752363621849,-8.073816327703767,0.03115918724138349,-0.02730684966134511
2011-05,40.8,3.708682081410116,3.7215702074858954,41.32923866552228,-0.012888126075779383,0.01407090633190785,2899.6,-4.263645994016606,-4.256337427852494,0.014174121198729305,-0.007308566164112129,0.014165619649538394,-0.0066861401035591995,-4.257584367348986,1.415645794197344,-0.0060616266676198904,0.007468834093030919,5462.7,-4.897016370595791,-4.892563954408802,0.00750216259196004,-0.0044524161869894385,0.007494369536986033,-0.003407283805407809,-4.89204921648154,0.7506025233621398,-0.00496715411425086,0.0016381594796434592,24906.0,-6.414181935870978,-6.404982909266863,0.0016532984775430475,-0.00919902660411509,0.001652580122825811,-0.008726138589694142,-6.405419477852612,0.16525768568948002,-0.008762458018366281,0.0003587980266108536,113713.0,-7.932750927764508,-7.921314785637091,0.0003629248442978378,-0.01143614212741717,0.00036295058127473517,-0.011441102117255682,-7.925245823504467,0.036150097347055786,-0.007505104260041584,0.0003723511051891872,109574.0,-7.89567331766596,-7.88551465804248,0.00037615297156497684,-0.010158659623479949,0.0003761780570747519,-0.010173245923284191,-7.888222139752546,0.037513592171749426,-0.0074511779134134315,0.00030978793193776904,131703.0,-8.079622585105097,-8.068242978347088,0.00031333333114665703,-0.011379606758008975,0.0003133573912759022,-0.011391016894796487,-8.072169030821454,0.03121055797318821,-0.007453554283642916
2011-06,40.7,3.7062280924485496,3.723921868405319,41.42654539229011,-0.017693775956769464,0.014004542013626043,2906.2,-4.268373572438046,-4.254945614736428,0.014193862661549008,-0.013427957701617643,0.014186581932356335,-0.01283183783086611,-4.256007217017409,1.417880241997939,-0.01236635542063702,0.00744044898630738,5470.1,-4.900824084336022,-4.89096880489634,0.0075141392126718155,-0.009855279439682008,0.007507241267285733,-0.008897047344064105,-4.890347182986383,0.7518811618325286,-0.010476901349639078,0.001630478327057127,24962.0,-6.418881855029849,-6.403791208744097,0.001655269888635531,-0.01509064628575274,0.0016546578772957735,-0.014613020957639587,-6.403851663345993,0.1655169822978128,-0.015030191683856664,0.0003573153066151618,113905.0,-7.936891954179505,-7.920350879005056,0.0003632748386160101,-0.016541075174449027,0.00036331323707765203,-0.0165089786178319,-7.923569683154446,0.036210740793141946,-0.013322271025058896,0.0003707853908733955,109767.0,-7.899887123987796,-7.884807828614971,0.00037641894154115353,-0.01507929537282493,0.0003764510469556802,-0.015050180171106639,-7.886957168459676,0.03756107581533038,-0.012929955528119486,0.00030849459186999266,131931.0,-8.083806245177701,-8.067301130378661,0.0003136285825271686,-0.016505114799040044,0.00031366300260501846,-0.016477591211272513,-8.070529005694183,0.031261786068700045,-0.013277239483517889
2011-07,41.2,3.7184382563554808,3.726273529324742,41.52408122076363,-0.007835272969261453,0.014163429475059301,2908.9,-4.257092025474598,-4.253553801620361,0.014213631619925508,-0.0035382238542363,0.014207544215174273,-0.003105022194325177,-4.2544302109448795,1.420118011774184,-0.002661814529718143,0.007520581202197762,5478.3,-4.890111856480617,-4.889373655383878,0.007526134953129653,-0.0007382010967393882,0.007520112997585434,6.226031609874436e-05,-4.888646674811302,0.7531608296293176,-0.0014651816693147524,0.0016473410635745704,25010.0,-6.408592767516184,-6.40259950822133,0.00165724365046005,-0.0059932592948532815,0.0016567356317657358,-0.005670529450225387,-6.402289408512261,0.16577576409239422,-0.006303359003922537,0.00036166682760255275,113917.0,-7.924787135673906,-7.919386972373021,0.00036362517045867215,-0.005400163300885552,0.00036367589288056895,-0.005524328990032831,-7.92190240755855,0.036271164435010265,-0.0028847281153563387,0.00037473963781232093,109943.0,-7.889279072298295,-7.884100999187462,0.0003766850995791922,-0.005178073110832848,0.00037672403683660846,-0.005267513697694306,-7.88569905636962,0.03760836159809948,-0.00358001592867474,0.0003121401297048306,131992.0,-8.0720583373158,-8.066359282410236,0.000313924112120589,-0.005699054905564438,0.0003139686139341347,-0.005823780302089822,-8.068897540445294,0.0313128302133415,-0.0031607968705067435
2011-08,41.9,3.735285826928092,3.7286251902441654,41.621846690346395,0.00666063668392658,0.0143709699547263,2915.6,-4.242545082579966,-4.2521619885042945,0.01423342811215411,0.009616905924328734,0.014228506497992212,0.010012537630298145,-4.2528538632401265,1.4223583768757972,0.010308780660160721,0.007634283215509074,5488.4,-4.875106226118928,-4.887778505871417,0.007538149843856737,0.012672279752488969,0.0075329847278851345,0.01344732417270922,-4.886948329827853,0.754441043360615,0.011842103708925578,0.0016740580926125693,25029.0,-6.392504604642093,-6.401407807698564,0.0016592197658196431,0.008903203056471298,0.001658813386235698,0.009190127414793576,-6.400733878801755,0.16603383388429915,0.008229274159662125,0.0003674793895807753,114020.0,-7.90884332365748,-7.918423065740986,0.0003639758401513222,0.009579742083505316,0.0003640385486834858,0.009451858627974912,-7.920245427104764,0.03633131486579683,0.011402103447283984,0.000380535474261634,110108.0,-7.873931154360056,-7.883394169759952,0.00037695144581206786,0.009463015399895802,0.0003769970267175367,0.009385876527743722,-7.884449037139548,0.037655402167991806,0.010517882779492282,0.00031712393566698204,132125.0,-8.056217896244446,-8.065417434441809,0.0003142199201890772,0.009199538197362855,0.00031427422526325094,0.009067591850219475,-8.067276025645965,0.031363645618773146,0.011058129401519068
2011-09,41.4,3.7232808808312687,3.730976851163589,41.71984234171194,-0.007695970332320279,0.01419071776239117,2917.4,-4.255167206820844,-4.2507701753882285,0.014253252176583459,-0.004397031432615606,0.014249468780810152,-0.004123032186161421,-4.25127870855057,1.4246005767856182,-0.0038884982702738213,0.007539061077320902,5491.4,-4.88765763027048,-4.886183356358955,0.007550183915425002,-0.0014742739115254366,0.007545856458184836,-0.00090054467661691,-4.8852527972130035,0.7557213078139704,-0.0024048330574766297,0.001652958556256488,25046.0,-6.405188532292709,-6.4002161071757975,0.001661198237520691,-0.004972425116911872,0.0016608911407056605,-0.004776101367969318,-6.399186288301841,0.16629098519942495,-0.006002243990868017,0.0003625345896528775,114196.0,-7.9223906684896415,-7.917459159108951,0.00036432684801977343,-0.004931509380690535,0.00036440120448640273,-0.005122416749846082,-7.918600194439787,0.0363911375293818,-0.003790474049854886,0.00037513251964009026,110361.0,-7.888231208712979,-7.882687340332443,0.0003772179803728485,-0.005543868380535777,0.00037727001659846503,-0.005665695296029173,-7.883208372050212,0.03770214890341166,-0.005022836662766927,0.00031282113280541615,132344.0,-8.069878991455584,-8.064475586473382,0.0003145160069950373,-0.00540340498220182,0.00031457983659236716,-0.005590643717034971,-8.065665876256245,0.0314141864518521,-0.004213115199338091
2011-10,41.3,3.720862499966987,3.733328512083012,41.81806871680671,-0.012466012116025382,0.014107118458805848,2927.6,-4.261075753760085,-4.249378362272162,0.01427310385161565,-0.011697391487923703,0.01427043106362809,-0.011444125555428236,-4.249705201980572,1.4268439596788038,-0.011370551779513072,0.007497639968048798,5508.4,-4.893166978885984,-4.884588206846493,0.007562237198455165,-0.008578772039490978,0.007558728188484536,-0.008081812034040858,-4.883560634769464,0.7570011936107711,-0.00960634411651995,0.0016465335087509467,25083.0,-6.409083104851181,-6.399024406653031,0.001663179068372921,-0.010058698198149862,0.0016629688951756228,-0.009883159253523127,-6.397647787602405,0.16654702090151494,-0.011435317248776222,0.0003610676411704536,114383.0,-7.9264452455199645,-7.916495252476915,0.0003646781943901531,-0.009949993043049332,0.00036476386028931964,-0.010133183468160216,-7.916968074231119,0.03645058073639414,-0.009477171288845732,0.0003735697164307358,110555.0,-7.892405913699269,-7.881980510904933,0.00037748470339469756,-0.010425402794336236,0.0003775430064793933,-0.010524072702891858,-7.88197824122586,0.03774855601648016,-0.010427672473409366,0.00031157348381402155,132553.0,-8.073875344462754,-8.063533738504956,0.0003148123728011207,-0.010341605957798095,0.0003148854479214834,-0.010517996716976605,-8.06406842191111,0.03146440928415923,-0.009806922551645059
2011-11,42.3,3.744787086052232,3.735680173002436,41.916526358853204,0.009106913049796272,0.014441789006486854,2929.0,-4.237629260775501,-4.247986549156095,0.014292983175706224,0.01035728838059402,0.014291393346446031,0.010523512746097892,-4.248133828638337,1.4290878267553109,0.010504567862835934,0.007669434673822388,5515.4,-4.870512372470332,-4.882993057334032,0.007574309723616828,0.01248068486370002,0.007571599918784236,0.012921279001474339,-4.881872418855753,0.7582802544341564,0.01136004638542154,0.0016845207279678229,25111.0,-6.386274190077421,-6.397832706130265,0.0016651622611894106,0.01155851605284397,0.001665046649645585,0.011695815445400874,-6.396119573606938,0.16680173496898895,0.009845383529516916,0.00036937102140256197,114519.0,-7.903708941022497,-7.91553134584488,0.0003650298795889023,0.01182240482238317,0.0003651265160922365,0.01162475230709686,-7.915350460393746,0.03650959141555153,0.011641519371249132,0.0003820482482681382,110719.0,-7.86996365296657,-7.881273681477424,0.0003777516150108713,0.011310028510854053,0.00037781599636032155,0.011201886496569571,-7.880759863547195,0.03779457604372661,0.010796210580624965,0.00031878815283744065,132690.0,-8.050983773478249,-8.06259189053653,0.0003151090178702281,0.011608117058280243,0.00031519105925059964,0.011412422660063651,-8.062485024754134,0.031514269404134584,0.011501251275884528
2011-12,42.7,3.754198920234579,3.738031833921859,42.01521581235284,0.016167086312719903,0.014506047017257781,2943.6,-4.233189680817865,-4.246594736040029,0.014312890187364284,0.013405055222164286,0.01431235562926397,0.013533159251421742,-4.246565161367807,1.4313313492659656,0.013375480549941976,0.007712593020735497,5536.4,-4.864900828787968,-4.88139790782157,0.007586401521628577,0.01649707903360209,0.007584471649083937,0.016892590226378415,-4.880188799953416,0.7595579847073927,0.015287971165448333,0.0016995701321445632,25124.0,-6.377379923339692,-6.396641005607498,0.0016671478187865916,0.019261082267806096,0.0016671244041155473,0.019462091700486593,-6.394602931454404,0.16705490544733964,0.017223008114712002,0.00037239562892999486,114663.0,-7.895553750197394,-7.914567439212845,0.000365381903942778,0.019013689015451085,0.00036548917189515337,0.01889647509673071,-7.913748819968975,0.036568113506217303,0.018195069771581807,0.00038491355220221036,110934.0,-7.862491788623829,-7.880566852049915,0.00037801871535472114,0.018075063426086224,0.00037808898624124986,0.018050158056193418,-7.879554538355353,0.03784015826352749,0.017062749731524107,0.0003213232195533081,132888.0,-8.043063026936334,-8.061650042568102,0.000315405942465506,0.01858701563176801,0.00031549667057971585,0.018467861999577114,-8.060917122599593,0.03156371945131955,0.017854095663258462
2012-01,42.3,3.744787086052232,3.740383494841282,42.114137623089064,0.004403591210949909,0.01432732692047148,2952.4,-4.245586591843665,-4.245202922923962,0.014332824925152605,-0.0003836689197029841,0.014333317912081908,-0.0004179766085686519,-4.244999691959159,1.4335738095003625,-0.000586899884505776,0.0076209350508963155,5550.5,-4.876856206720469,-4.879802758309108,0.007598512623258013,0.0029465515886384352,0.007597343379383638,0.003105252761997942,-4.878510340889318,0.7608339422131982,0.001654134168848742,0.0016774398223420707,25217.0,-6.390486563179447,-6.395449305084731,0.001669135743984256,0.004962741905283785,0.0016692021585855098,0.004935090524650142,-6.393099070316302,0.16730632182784963,0.0026125071368552355,0.0003679572717229621,114959.0,-7.90754373598504,-7.91360353258081,0.00036573426777885095,0.006059796595770273,0.0003658518276980703,0.005754909133949655,-7.912164530171572,0.036626093912110795,0.004620794186532606,0.00038005390835579514,111300.0,-7.875197451211404,-7.879860022622405,0.0003782860045596929,0.004662571411000904,0.0003783619761221781,0.004471729033021744,-7.8783634816873755,0.0378852548873306,0.0031660304759713043,0.0003174579349473905,133246.0,-8.05516523676356,-8.060708194599677,0.0003157031468503492,0.005542957836116358,0.0003158022819088321,0.005242688648577734,-8.059366064517537,0.03161271460081292,0.004200827753976455
2012-02,42.4,3.7471483622379123,3.742735155760706,42.21329233813034,0.004413206477206444,0.01433304036238253,2958.2,-4.2451878919993575,-4.243811109807896,0.014352787427687617,-0.0013767821914614231,0.014354280194899849,-0.001479686353403139,-4.243437808996704,1.4358146335057238,-0.0017500830026531133,0.007624665072200543,5560.9,-4.8763668824106965,-4.878207608796647,0.007610643059321859,0.00184072638595012,0.007610215109683339,0.00189875874846405,-4.876837486527585,0.7621077717605795,0.00047060411688892856,0.0016794739760754179,25246.0,-6.389274644074895,-6.394257604561965,0.001671126039605553,0.004982960487069477,0.001671279913055472,0.004902866932065999,-6.391609066470549,0.16755579470240847,0.0023344223956538457,0.000368077921401474,115193.0,-7.907215899270927,-7.912639625948775,0.00036608697142450844,0.005423726677848073,0.0003662144835009872,0.00508837848976499,-7.910598827822247,0.036683484389874475,0.0033829285513204965,0.0003800577257489109,111562.0,-7.875187406915423,-7.879153193194896,0.00037855348275932563,0.003965786279473527,0.00037863496600310637,0.003757602634598849,-7.877187777923285,0.0379298229183723,0.0020003710078624337,0.0003175815862601023,133509.0,-8.054775808042528,-8.05976634663125,0.00031600063128840207,0.004990538588721449,0.00031610789323794833,0.00466199374858591,-8.057833061814932,0.031661214143199196,0.003057253772404067
2012-03,42.5,3.7495040759303713,3.745086816680129,42.312680505833086,0.004417259250242278,0.014341150666441708,2963.5,-4.244622205297522,-4.242419296691829,0.014372777733639593,-0.0022029086056924996,0.014375242477717787,-0.0023715642591019236,-4.241879905593299,1.4380532373214039,-0.002742299704222795,0.007632216934542516,5568.5,-4.8753769209027835,-4.876612459284185,0.007622792860686054,0.0012355383814011134,0.007623086839983039,0.0011976899582974323,-4.875170668968963,0.7633791256392489,-0.0002062519338208446,0.001681436936224086,25276.0,-6.388106531962975,-6.393065904039198,0.0016731187084770033,0.004959372076223545,0.0016733576675254346,0.004828178013251111,-6.390133976036826,0.16780313703359293,0.00202744407385147,0.0003683033779919233,115394.0,-7.906603562706488,-7.911675719316739,0.0003664400152074534,0.005072156610251177,0.00036657713930390406,0.004709073488044572,-7.909052914087435,0.036740237748829445,0.002449351380946929,0.00038012611242788785,111805.0,-7.875007485491875,-7.878446363767387,0.000378821150087254,0.003438878275511925,0.0003789079558840347,0.0032149141366300316,-7.876028487013856,0.03797382011512543,0.0010210015219804802,0.0003177617609235278,133748.0,-8.054208635445052,-8.058824498662823,0.0003162983960435559,0.004615863217770411,0.0003164135045670646,0.004261058194428128,-8.056319293384952,0.03170917818369003,0.0021106579398999514
2012-04,42.6,3.751854253275325,3.7474384775995526,42.41230267584489,0.004415775675772338,0.014351165611103625,2968.4,-4.243924112820654,-4.241027483575762,0.014392795881732623,-0.0028966292448915354,0.014396204760535727,-0.0031285432640947137,-4.240326388365527,1.4402890140091824,-0.0035977244551270715,0.007630989699955217,5582.5,-4.875537730438988,-4.875017309771723,0.00763496205826579,-0.00052042066726532,0.007635958570282739,-0.000650719917059219,-4.873510316682989,0.764647656728395,-0.002027413755999241,0.0016847933557445126,25285.0,-6.386112360238759,-6.391874203516432,0.0016751137534284962,0.005761843277673151,0.0016754354219953968,0.0055853741816982334,-6.388674837122298,0.16804816384142018,0.0025624768835390555,0.00036895894682141,115460.0,-7.9048251753395995,-7.9107118126847045,0.00036679339945570384,0.0058866373451049725,0.000366939795106821,0.005502678481632788,-7.907527964030724,0.03679630751740077,0.0027027886911241694,0.0003807174647434179,111894.0,-7.873453020284177,-7.877739534339877,0.0003790890066772069,0.004286514055700685,0.00037918094576496294,0.00405220514273247,-7.8748866534749,0.03801720466078613,0.0014336331907234268,0.0003183261722398655,133825.0,-8.052434001986258,-8.057882650694397,0.00031659644137995054,0.005448648708139103,0.0003167191158961808,0.005074074354929312,-8.054825914530847,0.031756567376072325,0.0023919125445885925
2012-05,42.5,3.7495040759303713,3.749790138518976,42.51215939910737,-0.0002860625886045298,0.014285714285714285,2975.0,-4.248495242049359,-4.2396356704596965,0.014412841910744727,-0.008859571589662885,0.014417167043353666,-0.009117793894188151,-4.238777685089692,1.4425213224688598,-0.009717556959667029,0.007597290001966357,5594.1,-4.8799636739677865,-4.873422160259262,0.007647150683025615,-0.00654151370852496,0.007648830300582441,-0.006738324239218468,-4.871856859730654,0.7659130145315453,-0.008106814237132554,0.0016773887989896198,25337.0,-6.390516981038727,-6.390682502993665,0.0016771111772932953,0.0001655219549387965,0.001677513176465359,-7.414396350753218e-05,-6.387232672190269,0.16829069185086432,-0.003284308848457762,0.000367758404361182,115565.0,-7.908084345280418,-7.909747906052669,0.00036714712449759535,0.0016635607722506052,0.00036730245090973784,0.0012413569534176863,-7.906025133816387,0.03685164769314256,-0.0020592114640312076,0.0003793931494987547,112021.0,-7.876937556770932,-7.877032704912368,0.000379357052663007,9.51481414359634e-05,0.00037945393564589125,-0.00016019374534380205,-7.873763313944131,0.03805993488541274,-0.0031742428268008993,0.00031732520980796227,133932.0,-8.055583411513345,-8.05694080272597,0.0003168947675619765,0.0013573912126254584,0.0003170247272252971,0.000947820648865812,-8.053354064269927,0.03180334270274481,-0.002229347243417834
2012-06,43.3,3.768152635008444,3.752141799438399,42.61225122785933,0.016010835570045234,0.014527276387304569,2980.6,-4.231727266506248,-4.23824385734363,0.014432915859507978,0.006516590837381209,0.014438129326171605,0.006174419075978911,-4.2372342513023185,1.4447494776796597,0.005506984796070036,0.007733523843543489,5599.0,-4.862190654340449,-4.8718270107468,0.007659358765979529,0.009636356406350188,0.007661702030882141,0.009374132845659517,-4.870210743816571,0.7671748343995223,0.008020089476121761,0.0017099079887848989,25323.0,-6.371315717643386,-6.389490802470899,0.0016791109829080427,0.018175084827513288,0.0016795909309353214,0.018050262889127852,-6.385808483931846,0.16853054023228392,0.014492766288459968,0.0003744962031447302,115622.0,-7.889928893523734,-7.908783999420634,0.000367501190661779,0.018855105896899538,0.00036766510671265476,0.01857967021443298,-7.904545558753844,0.036906212828735664,0.014616665230109405,0.00038632085151182606,112083.0,-7.858842312239514,-7.876325875484858,0.0003796252881785729,0.017483563245344058,0.0003797269255268195,0.017364915526752216,-7.872659493997277,0.03810196939571272,0.01381718175776303,0.00032310298254646934,134013.0,-8.037539454144333,-8.055998954757545,0.0003171933748542712,0.018459500613211333,0.0003173303385544133,0.018191276694037885,-8.051904863163388,0.03184946555475313,0.014365409019054809
2012-07,42.6,3.751854253275325,3.7544934603578226,42.7125787156398,-0.002639207082497652,0.014253688894837222,2988.7,-4.250739535955348,-4.236852044227563,0.014453017766908495,-0.01388749172778514,0.014459091608989545,-0.014205782749493003,-4.235696617521076,1.4469726820810374,-0.015042918434271968,0.00759453051182857,5609.3,-4.880326960272496,-4.870231861234338,0.007671586338191021,-0.01009509903815875,0.007674573761181842,-0.0104296670856344,-4.868572477197933,0.7684327014008033,-0.011754483074563282,0.0016818666350823168,25329.0,-6.387851010062285,-6.3882991019481326,0.001681113173112763,0.00044809188584782333,0.0016816686854052838,0.00011771027120316996,-6.384403300380024,0.16876752303857434,-0.0034477096822609354,0.0003680981595092025,115730.0,-7.907160917566799,-7.907820092788599,0.0003678555982772236,0.0006591752218003677,0.0003680277625155716,0.0001912817477401029,-7.903090390041492,0.03695995668864352,-0.0040705275253065665,0.0003795303089697445,112244.0,-7.8765760987847475,-7.875619046057349,0.00037989371335791643,-0.0009570527273981,0.00037999991540774776,-0.0012358066909025239,-7.871576243702681,0.03814326572837938,-0.00499985508206624,0.00031753840649388404,134157.0,-8.054911781612176,-8.055057106789118,0.0003174922635217236,0.00014532517694121339,0.00031763594988352956,-0.000307091781271248,-8.05047944897418,0.03189489660621402,-0.004432332637996694
2012-08,43.2,3.765840495250065,3.756845121277246,42.813142417291004,0.00899537397281902,0.01445879911640672,2987.8,-4.236452114358152,-4.235460231111497,0.014473147671886557,-0.000991883246655334,0.014480053891807483,-0.001467865766217091,-4.234165271771472,1.449190195003687,-0.0022868425866802156,0.007700397497370813,5610.1,-4.8664833284197515,-4.8686367117218765,0.007683833430773175,0.0021533833021250004,0.007687445491481542,0.0016848257205365632,-4.866942506248525,0.7696862457235417,0.00045917782877324953,0.0017034028626631444,25361.0,-6.375127344700326,-6.387107401425366,0.001683117750750867,0.0119800567250401,0.001683746439875246,0.011674217876507988,-6.383018037740897,0.16900147238617147,0.007890693040571328,0.00037273833251365415,115899.0,-7.894633905912859,-7.906856186156563,0.00036821034767321525,0.012222280243704198,0.00036839041831848853,0.011802462764942678,-7.901660666094817,0.0370128370169174,0.007026760181958025,0.0003842630066801278,112423.0,-7.86418332659307,-7.87491221662984,0.00038016232833514523,0.0107288900367708,0.0003802729052886761,0.010492731235802103,-7.8705145065146285,0.038183785358869814,0.006331179921558849,0.0003215745241515867,134339.0,-8.04228123974377,-8.05411525882069,0.0003177914338294705,0.011834019076919944,0.00031794156121264577,0.011426511605103206,-8.04907884862104,0.03193959990808644,0.006797608877269212
2012-09,43.3,3.768152635008444,3.7591967821966694,42.9139428889616,0.0089558528117748,0.014490328625928653,2988.2,-4.23427384340854,-4.23406841799543,0.014493305613436713,-0.00020542541311030504,0.014501016174625424,-0.0007370206727630883,-4.232640818150914,1.4514011030285374,-0.0016330252576262083,0.0077249696710197675,5605.2,-4.863297382287619,-4.8670415622094145,0.007696100074888761,0.003744179921795876,0.007700317221781243,0.003201484890621459,-4.865321368040305,0.7709350254536006,0.0020239857526860305,0.0017055973529759324,25387.0,-6.373839875954593,-6.3859157009026,0.0016851247186691566,0.012075824948007075,0.0016858241943452084,0.011729075129571363,-6.38165363882326,0.16923221518899387,0.007813762868667418,0.00037303467585612747,116075.0,-7.893839177879679,-7.9058922795245286,0.0003685654391793568,0.01205310164484974,0.0003687530741214054,0.011611026551910006,-7.900257456737698,0.03706481023227619,0.006418278858019377,0.0003845743924968026,112592.0,-7.863373309197886,-7.8742053872023305,0.00038043113324446183,0.010832078004444412,0.00038054589516960433,0.010586101120346593,-7.8694752644665344,0.03822348818101792,0.006101955268648318,0.0003218924002170729,134517.0,-8.041293229080576,-8.053173410852265,0.00031809088604289876,0.011880181771688925,0.00031824717254176204,0.011454077175917511,-8.047704123222807,0.03198353828196892,0.006410894142231172
2012-10,43.5,3.7727609380946383,3.7615484431160926,43.01498068810957,0.011212494978545706,0.01455531017867898,2988.6,-4.229799391212654,-4.232676604879364,0.014513491630607776,0.002877213666709899,0.014521978457443362,0.002295260341646695,-4.231123878402201,1.4536044618117934,0.001324487189546808,0.007741591030432461,5619.0,-4.86114805301756,-4.8654464126969525,0.007708386301750279,0.004298359679392405,0.007713188952080944,0.003682274416971828,-4.8637095961021934,0.7721785988028337,0.0025615430846333,0.0017107798796554843,25427.0,-6.370805942461902,-6.3847240003798325,0.0016871340797178294,0.013918057917930327,0.0016879019488151709,0.013554063881715784,-6.3803109855509295,0.16945958798375718,0.009505043089027332,0.00037429980123389865,116217.0,-7.890453474088233,-7.904928372892493,0.00036892087312556996,0.014474898804260228,0.0003691157299243223,0.014044568923245826,-7.8988817775751885,0.03711583460791334,0.00842830348695589,0.0003857545714133693,112766.0,-7.860309216076073,-7.8734985577748215,0.0003807001282201626,0.013189341698748969,0.00038081888505053264,0.01296071848480337,-7.8684594507401195,0.03826233585264219,0.008150234664046963,0.00032301420519941485,134669.0,-8.037814256763106,-8.052231562883838,0.0003183906204276468,0.01441730612073222,0.00031855278387087825,0.014005281242009145,-8.04635628144764,0.03202667609592628,0.0085420246845338
2012-11,44.3,3.7909846770510898,3.7639001040355162,43.11625637350546,0.027084573015573543,0.014827459249589985,2987.7,-4.211274462554614,-4.231284791763297,0.014533705762502992,0.02001032920868351,0.014542940740261301,0.019564028652128872,-4.229615086868636,1.4557993032796688,0.018340624314022058,0.007880318770456808,5621.6,-4.843386922826898,-4.8638512631844915,0.007720692142620056,0.020464340357593258,0.007726060682380644,0.019965943113539282,-4.8621077083459365,0.7734165334973984,0.01872078551903833,0.001737595606981761,25495.0,-6.355252956438166,-6.383532299857066,0.0016891458367504768,0.028279343418899927,0.0016899797032851331,0.02817542932856998,-6.378990899556343,0.16968343692992519,0.023737943118177007,0.00038069212061838834,116367.0,-7.873519591878562,-7.903964466260458,0.0003692766498420936,0.030444874381895914,0.0003694783857272392,0.030350178317135743,-7.897534594688585,0.03716587012104518,0.02401500281002278,0.0003922367232738928,112942.0,-7.843645014536741,-7.872791728347312,0.0003809693133966403,0.029146713810570546,0.0003810918749314609,0.02924451838401507,-7.867467951434116,0.03830029174559748,0.023822936897374802,0.0003285740775078806,134825.0,-8.020748243154339,-8.051289714915411,0.0003186906372496018,0.03054147176107236,0.00031885839519999446,0.030470210143886116,-8.04503628249692,0.03206897918864455,0.024288039342581058
2012-12,44.1,3.7864597824528,3.7662517649549394,43.217770505235336,0.02020801749786072,0.014706372761529998,2998.7,-4.219474357948092,-4.22989297864723,0.014553948048280039,0.010418620699138792,0.014563903023079241,0.009782387195588044,-4.2281150676737145,1.4579846688138993,0.00864070972562292,0.007835403230105006,5628.3,-4.849102939264874,-4.8622561136720295,0.007733017628810351,0.013153174407155355,0.007738932412680345,0.012465649301522747,-4.860516202918289,0.7746484101174382,0.011413263653414774,0.0017288693743139408,25508.0,-6.360287624982362,-6.3823405993343,0.0016911599926240977,0.022052974351937316,0.0016920574577550954,0.02175571307589336,-6.37769412913056,0.16990362012535387,0.01740650414819811,0.00037833942451227673,116562.0,-7.8797188168140355,-7.903000559628423,0.00036963276965948583,0.023281742814387663,0.0003698410415301561,0.02297847460887517,-7.89621680912598,0.03721487905265134,0.01649799231194482,0.00038962071615998307,113187.0,-7.8503368147142885,-7.872084898919803,0.00038123868890838113,0.021748084205514218,0.00038136486481238916,0.021648169795755418,-7.866501589759647,0.03833732156888072,0.016164775045358404,0.00032648770303685386,135074.0,-8.027118272937596,-8.050347866946986,0.0003189909367749013,0.023229594009389842,0.00031916400652911073,0.022946498846746193,-8.043745019661348,0.03211041541641864,0.01662674672375175
2013-01,44.5,3.7954891891721947,3.768603425874363,43.31952364470402,0.026885763297831655,0.014808159462247512,3005.1,-4.212576935113634,-4.228501165531164,0.014574218527151121,0.01592423041753044,0.01458486530589718,0.01530999098497309,-4.226624303423771,1.460159801137056,0.014047368310136754,0.007890070921985815,5640.0,-4.84215015531991,-4.860660964159568,0.007745362791683379,0.018510808839658388,0.0077518041429800455,0.017836722452667014,-4.858935433515502,0.7758739189903385,0.01678527819559239,0.0017420238794284596,25545.0,-6.352707692592704,-6.381148898811533,0.0016931765501990966,0.028441206218829507,0.0016941352122250577,0.028267322972707433,-6.3764212394015,0.1701200263997843,0.023713546808796337,0.00038133269349420717,116696.0,-7.871838352593855,-7.9020366529963875,0.00036998923290862363,0.030198300402532574,0.00037020369733307295,0.030061817970233398,-7.894929136634521,0.03726283049493131,0.023090784040666,0.0003924577556707941,113388.0,-7.843081655398431,-7.871378069492294,0.0003815082548899676,0.02829641409386241,0.00038163785469331747,0.02835122576132141,-7.865561005108877,0.03837339802892257,0.022479349710446073,0.0003290033048197136,135257.0,-8.019442762204632,-8.049406018978559,0.00031929151926993557,0.02996325677392697,0.00031946961785822694,0.029842233591419267,-8.042483198823913,0.032150958581415603,0.023040436619281124
2013-02,44.6,3.7977338590260183,3.770955086793786,43.421516354638044,0.02677877223223213,0.014834031796713897,3006.6,-4.210831292167716,-4.2271093524150976,0.014594517238383108,0.016278060247381987,0.01460582758871512,0.015624188811806475,-4.225143210052996,1.4623240364604573,0.014311917885280856,0.007906679903559779,5640.8,-4.8400473193788125,-4.859065814647106,0.007757727662651452,0.01901849526829391,0.007764675873279746,0.01828846852045758,-4.857365665768523,0.7770928172874113,0.017318346389710193,0.0017442997379639408,25569.0,-6.351402100164389,-6.379957198288767,0.0016951955123392878,0.028555098124377842,0.0016962129666950201,0.028349489252293067,-6.375172661187634,0.17033256721779524,0.023770561023244596,0.00038142478405883863,116930.0,-7.871596885108346,-7.901072746364353,0.00037034603992070213,0.029475861256006652,0.00037056635313598987,0.029302258100221946,-7.8936721656620294,0.0373096982407435,0.022075280553683463,0.00039238111995777063,113665.0,-7.843276945707428,-7.870671240064784,0.0003817780114760774,0.02739429435735552,0.0003819108445742457,0.02741549639732584,-7.86464671214577,0.03840849860036851,0.021369766438342097,0.00032903958803653374,135546.0,-8.019332486059259,-8.048464171010131,0.00031959238500134396,0.029131684950872483,0.0003197752291873432,0.028971471219751417,-8.041251397574806,0.03219058657425096,0.021918911515546924
2013-03,44.4,3.7932394694381792,3.7733067477132094,43.5237491990889,0.01993272172496985,0.014755242431291749,3009.1,-4.2161568402720775,-4.225717539299031,0.01461484422129751,0.009560699026953223,0.014626789871533059,0.008782006228768421,-4.223672095105397,1.4644768663505847,0.007515254833319496,0.007866203670895047,5644.4,-4.845179712745426,-4.857470665134644,0.007770112273177009,0.01229095238921829,0.007777547603579446,0.011398974565555659,-4.855807035792261,0.7783049618438023,0.010627323046835002,0.0017368173994680017,25564.0,-6.3557009213319935,-6.378765497766,0.0016972168819119012,0.023064576434006945,0.0016982907211649824,0.022685561325207642,-6.373948642332539,0.17054118514179645,0.01824772100054517,0.00037932507475437843,117050.0,-7.877117003480878,-7.900108839732317,0.0003707031910272371,0.02299183625143897,0.0003709290089389068,0.022635236428366023,-7.892446306486702,0.037355462721333846,0.015329303005824357,0.0003900930424621548,113819.0,-7.849125276878197,-7.869964410637275,0.0003820479588014823,0.020839133759078088,0.000382183834455174,0.020694773807625574,-7.8637590520825205,0.038442607426947384,0.01463377520432374,0.0003272188607772185,135689.0,-8.024881311934815,-8.047522323041706,0.00031989353423601726,0.02264101110689154,0.0003200808405164594,0.02230067956970392,-8.040050015723073,0.032229283000695844,0.015168703788258853
2013-04,44.6,3.7977338590260183,3.775658408632633,43.62622274343609,0.02207545039338532,0.01482269267838745,3008.9,-4.2115959834193415,-4.224325726182965,0.014635199515270612,0.012729742763623264,0.014647752154350997,0.011943165216957102,-4.222211155693512,1.4666179419324645,0.010615172274170526,0.007901637020763944,5644.4,-4.8406853231575875,-4.855875515622183,0.007782516654772715,0.015190192464595853,0.007790419333879147,0.014276213143127067,-4.854259546072415,0.7795103131650098,0.013574222914827239,0.0017428683079327863,25590.0,-6.352223070127816,-6.377573797243234,0.0016992406617875855,0.02535072711541808,0.001700368475634945,0.024994483787975016,-6.37274924726497,0.17074585411301463,0.0205261771371541,0.0003804097507719077,117242.0,-7.874261594677531,-7.899144933100282,0.00037106068656006264,0.024883338422751144,0.00037129166474182365,0.024557745018122856,-7.891251799052783,0.0374001107601503,0.016990204375251672,0.00039121434335637347,114004.0,-7.846254955454353,-7.869257581209766,0.0003823180970010505,0.023002625755412787,0.0003824568243361023,0.022898059239688417,-7.86289820124115,0.03847571502620311,0.016643245786797323,0.000328247701898096,135873.0,-8.021742045877938,-8.046580475073279,0.00032019496724109927,0.024838429195341405,0.0003203864518455757,0.024536774283793337,-8.038879283950358,0.03226703694187367,0.017137238072420402
2013-05,44.6,3.7977338590260183,3.778010069552056,43.72893755439021,0.01972378947396214,0.01482466345354828,3008.5,-4.211463035634388,-4.222933913066898,0.014655583159733575,0.011470877432509852,0.014668714437168938,0.010631403116293892,-4.2207605309418055,1.4687469980777499,0.009297495307417414,0.007892268761833979,5651.1,-4.841871636430265,-4.854280366109721,0.007794940839001564,0.012408729679456165,0.007803291064178848,0.011402586027270482,-4.85272311709373,0.7807088959322057,0.010851480663465196,0.0017404878048780487,25625.0,-6.353589857414691,-6.376382096720468,0.0017012668548404123,0.022792239305776896,0.0017024462301049072,0.022345243039363066,-6.371574399613369,0.17094657236233476,0.017984542198678177,0.0003798072010082774,117428.0,-7.875846799765097,-7.898181026468247,0.00037141852685133403,0.02233422670315033,0.0003716543205447405,0.021936729947299123,-7.890088765022855,0.03744363366609182,0.014241965257758338,0.000390433503746761,114232.0,-7.8482528880841125,-7.868550751782256,0.00038258842620974545,0.02029786369814346,0.00038272981421703055,0.020128271285816193,-7.862064223028751,0.03850781631826994,0.013811334944638709,0.0003277098518692688,136096.0,-8.023381939027342,-8.045638627104854,0.0003204966842839834,0.02225668807751191,0.0003206920631746919,0.02188326279454585,-8.03773931589584,0.03230384130711601,0.014357376868497695
2013-06,44.9,3.8044377947482086,3.78036173047148,43.83189419999621,0.024076064276728815,0.014916943521594684,3010.0,-4.205257562994713,-4.221542099950831,0.014675995194172443,0.016284536956118423,0.014689676719986876,0.015471191499986341,-4.21932027806755,1.470863889226639,0.014062715072837406,0.007940297451677366,5654.7,-4.835804541996912,-4.852685216597259,0.007807384857476916,0.01688067460034759,0.007816162794478549,0.015881790139594863,-4.851197564601582,0.7819008172721582,0.01539302260467057,0.0017483062066817226,25682.0,-6.3491078416430105,-6.375190396197701,0.0017032954639478804,0.026082554554690773,0.0017045239845748694,0.025685893834913077,-6.370423864625181,0.17114336556197082,0.0213160229821705,0.0003818741601319975,117578.0,-7.870419427367844,-7.8972171198362116,0.0003717767122335267,0.026797692468367273,0.0003720169763476574,0.026496596690599214,-7.888957194962254,0.037486027742318566,0.018537767594409615,0.0003923487622226688,114439.0,-7.843359414174234,-7.867843922354747,0.0003828589465626251,0.024484508180512954,0.0003830028040979588,0.024401800782428835,-7.861257052432311,0.03853891124310141,0.01789763825807711,0.0003294711584323337,136279.0,-8.018021739165901,-8.044696779136427,0.00032079868563231716,0.02667503997052556,0.00032099767450380817,0.026397337431256003,-8.036630092966925,0.03233969334886329,0.018608353801024435
2013-07,45.0,3.8066624897703196,3.782713391390903,43.9350932496364,0.02394909837941661,0.014934289127837517,3013.2,-4.20409542618122,-4.220150286834765,0.014696435658128252,0.016054860653545333,0.014710639002804816,0.015203290964454884,-4.2178903825480845,1.4729685752935728,0.013794956366864675,0.007946879525306396,5662.6,-4.834975939909183,-4.851090067084798,0.007819848741862603,0.01611412717561489,0.007829034524778249,0.01505230308477723,-4.8496826206107855,0.7830862509227571,0.014706680701602082,0.001749271137026239,25725.0,-6.348556070931931,-6.373998695674934,0.0017053264919909207,0.025442624743003073,0.0017066017390448317,0.02500255156501187,-6.3692972687782365,0.1713362836167801,0.02074119784630568,0.00038230521549270646,117707.0,-7.869291274946629,-7.896253213204177,0.00037213524303943575,0.026961938257548113,0.00037237963215057434,0.02665447431915031,-7.887856969544602,0.03752729351951327,0.018565694597973526,0.00039275240888144114,114576.0,-7.8423311474764015,-7.867137092927237,0.0003831296581948442,0.024805945450835587,0.0003832757939788871,0.024725315429327748,-7.860476517869874,0.038569003937991765,0.01814537039347286,0.00032993379328548073,136391.0,-8.016618550039553,-8.043754931168,0.00032110097155399876,0.02713638112844663,0.0003213032858329244,0.02686093741675633,-8.035551485788792,0.03237459399290699,0.018932935749239377
2013-08,45.0,3.8066624897703196,3.785065052310326,44.0385352740337,0.02159743745999343,0.014925373134328358,3015.0,-4.204692619390966,-4.218758473718698,0.014716904591197155,0.014065854327732552,0.014731601285622755,0.01315348175318278,-4.216470721352141,1.4750611766637844,0.011778101961175125,0.00793622799901238,5670.2,-4.8363171796979945,-4.849494917572336,0.007832332523873022,0.013177737874341844,0.00784190625507795,0.012027910161939763,-4.84817789836283,0.7842654651990698,0.011860718664835623,0.001744659403714186,25793.0,-6.35119592649659,-6.3728069951521675,0.0017073599418538957,0.02161106865557727,0.0017086794935147942,0.021057144031956656,-6.368194074074877,0.17152540519714166,0.01699814757828655,0.0003816502557056713,117909.0,-7.87100592971957,-7.895289306572141,0.00037249411960217865,0.02428337685257098,0.0003727422879534912,0.023898462932897987,-7.8867878264051905,0.037567437023672476,0.015781896685620467,0.0003919348517179811,114815.0,-7.844414926582651,-7.866430263499728,0.0003834005612416517,0.022015336917077022,0.0003835487838598154,0.021864409981367044,-7.859722309660422,0.038598103969754195,0.015307383077771242,0.00032931809200415673,136646.0,-8.018486429295043,-8.042813083199574,0.00032140354231717863,0.024326653904530815,0.00032160889716204065,0.023970713839523688,-8.034503221403636,0.03240854892053502,0.016016792108592526
2013-09,45.2,3.8110970868381857,3.78741671322975,44.14222084525474,0.02368037360843589,0.014963914454081972,3020.6,-4.202113679294055,-4.217366660602632,0.014737402033030395,0.015252981308576885,0.014752563568440694,0.01432638365940743,-4.215061065005886,1.477141972271381,0.012947385711830961,0.007956765891527454,5680.7,-4.833732656720276,-4.847899768059874,0.00784483623527318,0.01416711133959847,0.007854777985377651,0.012984186992892941,-4.846682897621718,0.7854388195150173,0.012950240901441923,0.001748008353314255,25858.0,-6.349278222976313,-6.371615294629401,0.0017093958164246113,0.02233707165308818,0.0017107572479847565,0.02177462955271979,-6.36711358247733,0.17171083711699822,0.017835359501017223,0.00038294375301822374,118033.0,-7.867622438528713,-7.894325399940106,0.0003728533422551927,0.02670296141139339,0.0003731049437564081,0.026370085485222523,-7.8857493599254775,0.03760646981136331,0.01812692139676475,0.00039309133285791314,114986.0,-7.841468573965957,-7.865723434072219,0.00038367165583839334,0.024254860106261766,0.0003838217737407437,0.024150685946833943,-7.858993978112357,0.038626226426563944,0.017525404146399914,0.00033035864377544387,136821.0,-8.015331694323066,-8.041871235231147,0.0003217063981902617,0.02653954090808064,0.00032191450849115686,0.02623098699050704,-8.033484880766188,0.03244156867272573,0.018153186443122138
2013-10,45.4,3.8155121050473024,3.789768374149173,44.24615053671302,0.025743730898129424,0.015051054236838614,3016.4,-4.19630724128119,-4.2159748474865655,0.014757928023334496,0.019667606205375776,0.014773525851258634,0.018785521369384963,-4.213661093155071,1.4792113776688813,0.01735385187388161,0.008003949085011107,5672.2,-4.827820223473898,-4.846304618547413,0.007857359907878796,0.01848439507351518,0.007867649715677352,0.01732402613987261,-4.84519702663356,0.7866067477503677,0.017376803159661947,0.001754114828838575,25882.0,-6.345790920334313,-6.370423594106635,0.0017114341185943153,0.024632673772321922,0.0017128350024547187,0.024100293562834038,-6.36605496478928,0.17189270949607402,0.02026404445496688,0.0003840655110862963,118209.0,-7.864697418140147,-7.893361493308071,0.0003732129113322377,0.028664075167924352,0.000373467599559325,0.028377057446151585,-7.884741042713027,0.037644408185917314,0.020043624572879892,0.00039405959500394926,115211.0,-7.8390084037492285,-7.865016604644709,0.00038394294212051037,0.026008200895480726,0.00038409476362167194,0.025943679336624687,-7.858290955421555,0.03865339108776965,0.019282551672326953,0.0003312877168146759,137041.0,-8.012523325063597,-8.04092938726272,0.000322009539441904,0.028406062199122672,0.0003222201198202731,0.028141001869965564,-8.032495921244823,0.03247366794077483,0.019972596181226265
2013-11,45.1,3.8088822465086327,3.7921200350685966,44.35032492317215,0.01676221144003609,0.014922410085034575,3022.3,-4.204891163402207,-4.214583034370499,0.014778482601871248,0.009691870968291383,0.014794488134076574,0.008646595258902863,-4.212270385542777,1.4812699593027854,0.007379222140570185,0.007936787272983248,5682.4,-4.836246711174967,-4.844709469034951,0.007869903573556401,0.008462757859984293,0.007880521445977052,0.007139860907924975,-4.843719593719771,0.7877697653784101,0.007472882544804271,0.0017386946297081615,25939.0,-6.354620660117556,-6.369231893583868,0.001713474851257703,0.014611233466312434,0.0017149127569246812,0.013867686672369196,-6.365017254195893,0.1720711769644202,0.010396594078336818,0.00038080924074574443,118432.0,-7.87321198867725,-7.892397586676036,0.00037357282716739547,0.01918559799878583,0.0003738302553622419,0.01866886182537551,-7.883762207507184,0.037681273897737656,0.01055021882993401,0.0003905641096697092,115474.0,-7.847918428869585,-7.8643097752172,0.00038421442022353887,0.016391346347615077,0.0003843677535026002,0.016120905332572613,-7.85761253855701,0.03867962309726817,0.009694109687425012,0.0003284371199487318,137317.0,-8.02116515404311,-8.039987539294295,0.0003223129663410149,0.01882238525118396,0.00032252573114938934,0.018328425388808307,-8.03153566013703,0.03250486611792653,0.010370506093918763
2013-12,45.2,3.8110970868381857,3.79447169598802,44.45474458074892,0.0166253908501659,0.014959952339974847,3021.4,-4.202378492271439,-4.213191221254433,0.014799065808457815,0.010812728982993569,0.014815450416894513,0.009753461353800922,-4.210888388008907,1.4833184859368727,0.008509895737468298,0.007944040212309747,5689.8,-4.835333290279551,-4.843114319522489,0.007882467264223375,0.007781029242938331,0.007893393176276752,0.006416383284341218,-4.8422497731214955,0.7889284969614287,0.006916482841944571,0.0017376595417499616,26012.0,-6.355216162150857,-6.368040193061102,0.0017155180173129218,0.012824030910245199,0.0017169905113946435,0.012037940931036084,-6.3639993275239695,0.1722464219830788,0.008783165373112745,0.00038138954047623066,118514.0,-7.871689289200664,-7.891433680044001,0.00037393309009506895,0.019744390843336568,0.00037419291116515876,0.01923240418602024,-7.882812032389698,0.03771709472192333,0.011122743189034168,0.00039116588202713933,115552.0,-7.846378837238999,-7.86360294578969,0.00038448609028311217,0.017224108550691675,0.0003846407433835285,0.01696424197346287,-7.856957875702593,0.0387049535002651,0.010579038463593982,0.00032903357307165947,137372.0,-8.019350766594707,-8.039045691325867,0.0003226166791567588,0.019694924731160413,0.00032283134247850556,0.019211984020934592,-8.030603260630757,0.032535187772797625,0.011252494036050109
2014-01,45.5,3.817712325956905,3.796823356907443,44.5594100869166,0.020888969049461803,0.015023443175064386,3028.6,-4.198143419565651,-4.211799408138366,0.01481967768296686,0.013655988572715216,0.014836412699712451,0.012606179076938138,-4.2095144894549215,1.4853578156550913,0.011371069889270835,0.007978117164349213,5703.1,-4.831052839676801,-4.841519170010028,0.007895051011848056,0.010466330333227525,0.007906264906576452,0.009088015468972404,-4.840786681418748,0.7900836165162548,0.009733841741947025,0.0017480502516423989,26029.0,-6.349254254082836,-6.3668484925383355,0.0017175636196615743,0.017594238455499678,0.0017190682658646057,0.016859124418317755,-6.362999981379676,0.1724186418200381,0.01374572729683976,0.000383490522305663,118647.0,-7.866195651137285,-7.890469773411965,0.0003742937004499848,0.024274122274680288,0.00037455556696807567,0.023854819219250586,-7.881889614036312,0.03775190171316706,0.015693962899026914,0.00039309874122007483,115747.0,-7.841449727729135,-7.862896116362181,0.000384757952434958,0.02144638863304671,0.00038491373326445677,0.0212645256541016,-7.8563260402419415,0.03872941638983614,0.014876312512806855,0.0003307623527017105,137561.0,-8.014110408117977,-8.03810384335744,0.00032292067815855186,0.023993435239463068,0.0003231369538076218,0.02359804041053269,-8.029697805894617,0.032564660253642796,0.015587397776640088
2014-02,45.5,3.817712325956905,3.7991750178268666,44.66432202050806,0.018537308130038177,0.014987318422872953,3035.9,-4.200550873939729,-4.210407595022299,0.01484031826532654,0.009856721082569742,0.014857374982530392,0.008746056453131971,-4.208148013119504,1.4873889093645076,0.007597139179774892,0.007971128746868485,5708.1,-4.83192917175756,-4.839924020497566,0.007907654848449831,0.007994848740006333,0.007919136636876153,0.006565376047462814,-4.83932938182362,0.7912358444174303,0.0074002100660601755,0.0017497308106445163,26004.0,-6.348293325367455,-6.365656792015569,0.0017196116612087236,0.01736346664811439,0.001721146020334568,0.016607998375635636,-6.362017944597841,0.17258804643534661,0.013724619230385926,0.0003831708015427888,118746.0,-7.867029711162131,-7.88950586677993,0.00037465465856719127,0.022476155617799698,0.00037491822277099253,0.02201167686863037,-7.880993963299131,0.03778572937839172,0.013964252137000699,0.00039262384909437645,115887.0,-7.842658531419849,-7.862189286934672,0.00038503000681490126,0.01953075551482364,0.000385186723145385,0.01930784604479825,-7.855716023930313,0.03875304917303256,0.013057492510464286,0.00033039967468339725,137712.0,-8.015207500932352,-8.037161995389015,0.00032322496361606427,0.0219544944566632,0.00032344256513673804,0.021509567065540795,-8.028818292272417,0.03259331391473375,0.013610791340065376
2014-03,45.2,3.8110970868381857,3.80152667874629,44.76948096171896,0.00957040809189591,0.014855715506474727,3042.6,-4.209370605190843,-4.209015781906233,0.014860987595520625,-0.00035482328461000634,0.01487833726534833,-0.0015204493936489397,-4.206788194501603,1.4894128642894402,-0.0025824106892402554,0.00791094931391767,5713.6,-4.839507490001998,-4.838328870985104,0.007920278806099192,-0.001178619016894089,0.007932008367175855,-0.0026549459207999586,-4.837876862441401,0.7923859649012892,-0.0016306275605977305,0.0017347917866052582,26055.0,-6.3568678805051295,-6.364465091492802,0.0017216621448628978,0.007597210987672298,0.0017232237748045305,0.0067130061515312455,-6.361051839950584,0.17275486511824595,0.00418395944545491,0.0003799213260262919,118972.0,-7.87554636345183,-7.888541960147895,0.00037501596478206064,0.012995596696065093,0.00037528087857390945,0.012365264838476348,-7.880123969934873,0.03781861701615353,0.004577606483042729,0.00038914525793787454,116152.0,-7.851557870325338,-7.8614824575071625,0.0003853022535588627,0.009924587181824762,0.00038545971302631334,0.00956142701042692,-7.855126703736602,0.038775893858234114,0.0035688334112640163,0.0003275718375185709,137985.0,-8.023803175741183,-8.036220147420588,0.000323529535799222,0.012416971679405364,0.0003237481764658543,0.011810602593833862,-8.027963595834832,0.03262118321222386,0.004160420093649364
2014-04,45.1,3.8088822465086327,3.8038783396657134,44.87488749211105,0.005003906842919292,0.014790764790764792,3049.2,-4.213752293605486,-4.207623968790166,0.01488168571358861,-0.0061283248153198855,0.01489929954816627,-0.007284554354425115,-4.205434210480263,1.4914308713752444,-0.008318083125223197,0.007871816801354441,5729.3,-4.844466391688652,-4.836733721472643,0.007932922916917821,-0.0077326702160087635,0.007944880097475555,-0.009196274232549989,-4.8364280542769915,0.7935348121853067,-0.008038337411660379,0.0017265140494602252,26122.0,-6.361650903628834,-6.363273390970035,0.0017237150735360891,0.0016224873412014063,0.0017253015292744928,0.0007027874056555541,-6.3601001843101885,0.17291934651245128,-0.001550719318645477,0.000378295405933618,119219.0,-7.87983517037572,-7.88757805351586,0.0003753776194302887,0.007742883140140044,0.0003756435343768263,0.007059542662410015,-7.8792784159513936,0.03785060822166081,-0.0005567544243261224,0.0003873073124651123,116445.0,-7.856292090999258,-7.8607756280796535,0.00038557469280285834,0.0044835370803957275,0.0003857327029072416,0.004082126161466183,-7.854556855877445,0.03879799651531391,-0.0017352351218127282,0.000326107391285485,138298.0,-8.028283809723671,-8.035278299452163,0.00032383439497820314,0.00699448972849126,0.0003240537877949705,0.006337230323670176,-8.027132487630997,0.032648306214724046,-0.0011513220926744339
2014-05,45.3,3.8133070324889884,3.8062300005851366,44.980542194615246,0.007077031903851783,0.014826694596275324,3055.3,-4.211326033968103,-4.2062321556741,0.014902412659625707,-0.00509387829400243,0.01492026183098421,-0.006271152327540163,-4.204085257860538,1.4934440985250585,-0.007240776107564351,0.007898866608544027,5735.0,-4.841035997074483,-4.835138571960181,0.007945587213078703,-0.005897425114302024,0.007957751827775255,-0.007399730540188385,-4.834981900917299,0.7946832154034241,-0.006054096157184219,0.0017313204662717369,26165.0,-6.35887088631732,-6.362081690447269,0.001725770450143766,0.0032108041299494516,0.0017273792837444553,0.00228159649960505,-6.359161462265296,0.17308174592704076,0.00029057594797610165,0.0003794096954671848,119396.0,-7.876893946052964,-7.886614146883825,0.00037573962284789396,0.009720200830861003,0.00037600619017974323,0.009051726743686291,-7.8784560480355115,0.03788174814994292,0.0015621019825475813,0.00038823801647226193,116681.0,-7.853891961905035,-7.8600687986521445,0.0003858473246830013,0.006176836747109782,0.00038600569278816985,0.005783136688911787,-7.8540052290321825,0.03881940443578312,0.00011326712714776477,0.0003270451148989625,138513.0,-8.025412430531588,-8.034336451483735,0.00032413954142344257,0.00892402095214706,0.0003243593991240868,0.008280061506243809,-8.02632370660804,0.03267472222616665,0.0009112760764509176
2014-06,45.4,3.8155121050473024,3.80858166150456,45.08644565353501,0.006930443542742637,0.014831754328650767,3061.0,-4.21098483389811,-4.204840342558033,0.014923168473783022,-0.006144491340076996,0.014941224113802148,-0.007326694541062166,-4.202740597630225,1.4954536241723642,-0.008244236267885618,0.00789908655937364,5747.5,-4.841008151590034,-4.83354342244772,0.00795827172680616,-0.007464729142314219,0.007970623558074956,-0.008975081833947796,-4.83353740797344,0.7958319591770717,-0.007470743616594611,0.0017303148105800746,26238.0,-6.359451915593674,-6.360889989924503,0.0017278282776048723,0.0014380743308288757,0.0017294570382144175,0.00049597783969393,-6.358234170369977,0.17324231766419582,-0.0012177452236965536,0.00037935442900473775,119677.0,-7.877039621001903,-7.885650240251789,0.0003761019753712202,0.008610619249886042,0.0003763688459826601,0.00793259870987094,-7.877655617169996,0.037912082008860745,0.000615996168092714,0.00038818680848880753,116954.0,-7.854023869030831,-7.859361969224635,0.0003861201493355009,0.005338100193803541,0.00038627868266909816,0.0049397647484056145,-7.853470585269319,0.038840164537377694,-0.0005532837615120911,0.0003269739069060634,138849.0,-8.025630185645143,-8.033394603515308,0.0003244449754056283,0.007764417870165019,0.000324665010453203,0.007111626995583576,-8.025536000596748,0.032700470440961894,-9.418504839509012e-05
2014-07,45.6,3.8199077165203406,3.8109333224239834,45.19259845454948,0.008974394096357141,0.014893686514028155,3061.7,-4.206817879717786,-4.203448529441967,0.014943953196267542,-0.003369350275819194,0.014962186396620088,-0.00457820005553514,-4.201399546647301,1.4974604490514565,-0.005418333070484671,0.007930710633413336,5749.8,-4.837012634057431,-4.831948272935258,0.00797097649037598,-0.005064361122173011,0.007983495288374658,-0.006611722441696056,-4.832093627770234,0.796981795460505,-0.004919006287196659,0.0017343678685531722,26292.0,-6.357112272863127,-6.359698289401736,0.0017298885588418326,0.00258601653860957,0.0017315347926843798,0.001636164563808924,-6.357316802936205,0.17340131744403153,0.00020453007307796867,0.0003805327458441819,119832.0,-7.873938324328215,-7.884686333619754,0.00037646467733693434,0.010748009291539518,0.000376731501785577,0.01009006159715417,-7.876875862284357,0.037941655668636304,0.0029375379561420445,0.00038917479581125023,117171.0,-7.851481968713276,-7.858655139797126,0.0003863931668966618,0.0071731710838491836,0.0003865516725500264,0.006785957602820444,-7.852951685783381,0.038860323908681244,0.0014697170701047924,0.00032788771283939256,139072.0,-8.022839347095761,-8.032452755546883,0.0003247506971957034,0.009613408451121686,0.00032497062178231926,0.008976476215217093,-8.024768110396458,0.032725590455230436,0.0019287633006968008
2014-08,45.6,3.8199077165203406,3.8132849833434066,45.2990011847167,0.006622733176933959,0.014895632574396498,3061.3,-4.206687224809875,-4.202056716325901,0.014964766867342258,-0.004630508483974616,0.014983148679438027,-0.005840968872025573,-4.200061485382681,1.499465484004282,-0.0066257394271938,0.007932504131512568,5748.5,-4.836786513673455,-4.830353123422796,0.007983701536115462,-0.00643339025065881,0.007996367018674358,-0.007986487740325985,-4.830649670277131,0.7981334345547785,-0.006136843396324032,0.0017327861377108983,26316.0,-6.358024681685548,-6.35850658887897,0.0017319512967805554,0.00048190719342144916,0.001733612547154342,-0.0004766978900794705,-6.356407863672131,0.17355900036113975,-0.0016168180134172871,0.0003800696794412309,119978.0,-7.875155955102899,-7.8837224269877195,0.00037682772908202895,0.008566471884820182,0.0003770941575884939,0.007890660178257194,-7.876115517555048,0.03797051537681834,0.0009595624521487878,0.00038836935970156883,117414.0,-7.85355371317192,-7.857948310369616,0.00038666637750288645,0.004394597197695305,0.00038682466243095473,0.003993275043288685,-7.852447296038061,0.038879929601600166,-0.0011064171338590612,0.0003274239062533658,139269.0,-8.024254877203754,-8.031510907578456,0.0003250567070648681,0.007256030374701794,0.0003252762331114355,0.0066026131739989075,-8.024018777533238,0.03275012200562741,-0.0002360996705164098
2014-09,45.1,3.8088822465086327,3.8156366442628302,45.40565443247695,-0.006754397754197505,0.014734228494887125,3060.9,-4.217582022840737,-4.200664903209834,0.014985609527326275,-0.01691711963090281,0.015004110962255967,-0.01798723483502309,-4.198725836115404,1.501469582067419,-0.018856186725332513,0.007838843118851463,5753.4,-4.848664016879058,-4.828757973910335,0.007996446896403506,-0.01990604296872256,0.008009238748974058,-0.02127488460053982,-4.82920468341887,0.7992875605264632,-0.0194593334601878,0.0017107309486780716,26363.0,-6.370834544433294,-6.357314888356203,0.0017340164943504392,-0.013519656077090936,0.0017356903016243043,-0.014380072829164935,-6.355505854707745,0.17371562276210087,-0.015328689725548905,0.0003751580488454116,120216.0,-7.88816315719693,-7.882758520355684,0.0003771911309438215,-0.0054046368412459245,0.0003774568133914108,-0.006090139227704002,-7.875373294492333,0.03799870843050722,-0.012789862704596366,0.0003832882905852158,117666.0,-7.866723135000262,-7.857241480942107,0.0003869397812906723,-0.009481654058155264,0.000387097652311883,-0.009840828803575395,-7.8519561701566385,0.038899029231072677,-0.014766964843623498,0.00032315155162901345,139563.0,-8.037389144691735,-8.030569059610029,0.0003253630052845762,-0.006820085081706395,0.0003255818444405517,-0.007464460482169153,-8.023286728650723,0.03277410547330817,-0.014102416041012589
2014-10,45.9,3.8264651170664994,3.8179883051822534,45.5125587876559,0.008476811884245983,0.014967228617080249,3066.7,-4.201892226808667,-4.199273090093767,0.015006481216594815,-0.0026191367148999944,0.015025073245073906,-0.003849873278496098,-4.1973920722490385,1.503473524038051,-0.004500154559628378,0.00797345655421603,5756.6,-4.831637184563146,-4.827162824397873,0.00800921260367073,-0.004474360165272806,0.008022110479273759,-0.006064978185408125,-4.827757862472378,0.8004448234855741,-0.0038793220907678005,0.0017370572207084467,26424.0,-6.355562850004127,-6.356123187833437,0.0017360841544843744,0.00056033782931042,0.0017377680560942668,-0.00040905078403716586,-6.354609290648483,0.17387143978553576,-0.0009535593556435629,0.00038120707267849874,120407.0,-7.8721678326352045,-7.881794613723649,0.00037755488325995394,0.009626781088444503,0.00037781946919432765,0.008966196187282017,-7.8746478972024425,0.0380262825905234,0.0024800645672380384,0.000389375726368117,117881.0,-7.850965802952407,-7.856534651514598,0.0003872133783966144,0.0055688485621905315,0.00038737064219281124,0.005176138707764344,-7.851477070799561,0.03891767019604883,0.000511267847153718,0.00032833087740883276,139798.0,-8.021488685461367,-8.029627211641603,0.00032566959212653753,0.008138526180236028,0.00032588745576966796,0.007497746832243134,-8.022570692214304,0.032797581330779736,0.0010820067529362376
2014-11,46.0,3.828641396489095,3.8203399661016766,45.61971484146795,0.008301430387418485,0.014985665884805838,3069.6,-4.200661142443647,-4.197881276977701,0.015027381975579334,-0.0027798654659463296,0.015046035527891844,-0.0040123288938201974,-4.196059812682423,1.5054778758856033,-0.004601329761224626,0.007985833825214403,5760.2,-4.830086078820262,-4.825567674885411,0.0080219986903995,-0.004518403934850923,0.008034982209573459,-0.006116800644623289,-4.826308552863759,0.8016057569322089,-0.003777525956502714,0.001737488196411709,26475.0,-6.3553147739805125,-6.354931487310671,0.0017381542801187494,-0.00038328666984188686,0.001739845810564229,-0.0013550707414442809,-6.353716804376703,0.1740266869262649,-0.0015979696038090907,0.0003812428516965307,120658.0,-7.872073979866873,-7.880830707091613,0.000377918986368395,0.008756727224739969,0.00037818212499724456,0.008093261148470277,-7.8739381284788195,0.038053282037129724,0.0018641486119461703,0.00038931252486099,118157.0,-7.851128131091212,-7.855827822087088,0.0003874871689574043,0.004699690995876082,0.00038764363207373955,0.004305224306981503,-7.851008874569903,0.038935895568694145,-0.00011925652130884146,0.0003283626837224907,140089.0,-8.02139181740733,-8.028685363673176,0.0003259764678627195,0.007293546265845663,0.00032619306709878417,0.006651326599315723,-8.02186950550431,0.03282058662348902,0.00047768809697856796
2014-12,46.5,3.8394523125933104,3.8226916270211,45.72712318651952,0.01676068557221022,0.015119984392274174,3075.4,-4.191737940488282,-4.196489463861634,0.015048311844767638,0.004751523373352384,0.015066997810709784,0.003516731218128048,-4.1947287110378095,1.5074831542807234,0.002990770549527788,0.00806130055648978,5768.3,-4.820680376114645,-4.82397252537295,0.00803480518912404,0.0032921492583053436,0.008047853939873159,0.0016708325868092025,-4.82485612995216,0.802770873415764,0.004175753837515117,0.0017529309759867304,26527.0,-6.346466048611898,-6.353739786787903,0.0017402268741934554,0.0072737381760052955,0.0017419235650341916,0.00631911248776453,-6.352827036132478,0.17418159925375432,0.006360987520579897,0.00038458357455958977,120910.0,-7.863349433574982,-7.879866800459578,0.00037828344060743805,0.016517366884596818,0.0003785447808001615,0.01595265359798011,-7.873242771978605,0.03807975183605555,0.009893338403623275,0.00039268010505248403,118417.0,-7.842515259613036,-7.855120992659579,0.0003877611531098293,0.012605733046543222,0.0003879166219546678,0.012279657091808985,-7.8505504541257745,0.03895374867103418,0.008035194512738819,0.00033128152517739593,140364.0,-8.012542014845396,-8.02774351570475,0.0003262836327653442,0.015201500859353345,0.00032649867842790044,0.014648900793488736,-8.021181997452251,0.032843158799453216,0.008639982606855057
2015-01,45.8,3.824284091120139,3.8250432879405234,45.83478441681216,-0.0007591968203843891,0.014888982802899775,3076.1,-4.20713374872989,-4.195097650745568,0.015069270864703874,-0.012036097984322147,0.015087960093527723,-0.01318781925419484,-4.193398456441538,1.509489825071115,-0.013735292288352241,0.007936370410161327,5770.9,-4.836299235421288,-4.822377375860488,0.00804763213243053,-0.013921859560800165,0.008060725670172861,-0.015427303334696874,-4.823399998244302,0.8039406650173168,-0.012899237176986489,0.0017245923861881989,26557.0,-6.3627645542834665,-6.352548086265137,0.0017423019396518842,-0.01021646801832965,0.0017440013195041538,-0.011128967105066877,-6.351938638485893,0.1743364105334159,-0.010825915797573415,0.00037821545067921877,121095.0,-7.880046549377086,-7.878902893827544,0.00037864824631570377,-0.0011436555495425438,0.00037890743660307834,-0.0018262664097154085,-7.872560596975078,0.038105737753362484,-0.007485952402007889,0.0003861459598003507,118608.0,-7.859295125776362,-7.854414163232069,0.00038803533099077467,-0.004880962544293155,0.0003881896118355961,-0.005264571675635,-7.850100683045476,0.03897127288130171,-0.009194442730886543,0.00032582095498264184,140568.0,-8.029162545317588,-8.026801667736324,0.00032659108710689016,-0.0023608775812640204,0.00032680428975701665,-0.0030089408407274277,-8.020506993303774,0.03286533555174978,-0.008655552013813406
2015-02,46.0,3.828641396489095,3.827394948859947,45.94269912774608,0.0012464476291480509,0.014933125568108038,3080.4,-4.204173341176,-4.193705837629501,0.015090259075988708,-0.010467503546498946,0.015108922376345663,-0.011635297598248984,-4.192068714943015,1.5114983914741955,-0.01210462623298536,0.007958202138334314,5780.2,-4.8335521666548145,-4.820782226348026,0.008060479552957155,-0.012769940306788463,0.008073597400472561,-0.014292917569990965,-4.821939530026584,0.8051156526146757,-0.011612636628230533,0.001729388322869281,26599.0,-6.359987503589061,-6.3513563857423705,0.0017443794794409426,-0.008631117846690906,0.001746079073974116,-0.009558989254047169,-6.351050214925339,0.1744913639299284,-0.008937288663722676,0.00037917504698473407,121316.0,-7.877512594113762,-7.877938987195508,0.00037901340383213926,0.0004263930817458572,0.00037927009240599526,-0.0002506008861870465,-7.871890296404028,0.03813128861356027,-0.005622297709733992,0.00038704574712450254,118849.0,-7.856967662296662,-7.85370733380456,0.0003883097027372212,-0.003260328492102005,0.0003884626017165244,-0.003647338471608573,-7.849658372907347,0.038988514083090994,-0.00730928938931541,0.00032664190815681653,140827.0,-8.02664606919676,-8.025859819767897,0.00032689883116009447,-0.0007862494288630728,0.0003271099010861329,-0.0014306901985004592,-8.01984325163799,0.03288715688537851,-0.006802817558769547
2015-03,46.0,3.828641396489095,3.82974660977937,46.05086791612322,-0.001105213290275131,0.014932156073492178,3080.6,-4.204238265701262,-4.1923140245134345,0.015111276519279317,-0.011924241187827533,0.015129884659163602,-0.013068743756196927,-4.190739258573839,1.5135091989819962,-0.01349900712742258,0.007954348953830192,5783.0,-4.834036461669124,-4.819187076835565,0.0080733474833942,-0.014849384833558688,0.008086469130772262,-0.016338425931696137,-4.820474197116554,0.8062962798715654,-0.01356226455256948,0.0017263379118817083,26646.0,-6.361752928031063,-6.350164685219604,0.0017464594965110488,-0.011588242811458649,0.0017481568284440784,-0.012481097924028772,-6.350160452472505,0.1746466888848062,-0.011592475558558135,0.00037877852161096153,121443.0,-7.878558899392546,-7.876975080563473,0.00037937891349601764,-0.0015838188290731026,0.0003796327482089121,-0.0022501393833402965,-7.871230620963219,0.03815645118683833,-0.007328278429326929,0.0003867073550057586,118953.0,-7.857842339604931,-7.853000504377051,0.0003885842684862475,-0.004841835227879621,0.00038873559159745264,-0.0052175222324235895,-7.8492224062344995,0.03900551548160734,-0.008619933370431099,0.0003264193921503232,140923.0,-8.027327524413904,-8.024917971799471,0.00032720686519794874,-0.002409552614432542,0.00032741551241524913,-0.0030423734586605845,-8.019189597820677,0.032908660728286056,-0.008137926593226652
2015-04,46.0,3.828641396489095,3.832098270698794,46.15929138015072,-0.003456874209698757,0.014938460039619393,3079.3,-4.203816180920892,-4.1909222113973685,0.015132323235289505,-0.01289396952352373,0.01515084694198154,-0.014018153782125757,-4.189409952765505,1.5155224533700855,-0.014406228155387168,0.007960267880319102,5778.7,-4.833292626385686,-4.817591927323103,0.00808623595648416,-0.015700699062582757,0.008099340861071962,-0.01717090108175211,-4.819003560935438,0.8074829206980413,-0.014289065450247662,0.0017253019278373714,26662.0,-6.3623532131845275,-6.348972984696838,0.00174854199381614,-0.013380228487689827,0.0017502345829140409,-0.014245321924309124,-6.3492681071096415,0.17480260360231353,-0.013085106074886,0.0003780749410285282,121669.0,-7.880418125305718,-7.876011173931437,0.00037974477564694045,-0.004406951374281043,0.00037999540401182903,-0.005053911081622026,-7.870580364732345,0.038181270725625945,-0.009837760573373266,0.0003859351796696059,119191.0,-7.859841130918065,-7.852293674949541,0.000388859028375029,-0.0075474559685240195,0.0003890085814783809,-0.007900601567952248,-7.848791721948884,0.03902231816224312,-0.011049408969181052,0.0003257882659565427,141196.0,-8.029262878539024,-8.023976123831044,0.0003275151894937043,-0.0052867547079795685,0.0003277211237443654,-0.005897873673014787,-8.018544909708492,0.03292988339090962,-0.010717968830531888
2015-05,46.2,3.832979798087693,3.834449931618217,46.267970119444094,-0.0014701335305238317,0.014991238886365112,3081.8,-4.20028932276006,-4.189530398281302,0.015153399264789815,-0.01075892447875848,0.01517180922479948,-0.01190170109305176,-4.188080767108511,1.5175382034342193,-0.012208555651548991,0.007986309184255563,5784.9,-4.830026555305976,-4.815996777810641,0.00809914500502178,-0.014029777495334628,0.008112212591371664,-0.015520230232873229,-4.817527287551566,0.8086758665822705,-0.012499267754409793,0.00172858906723538,26727.0,-6.36044977130106,-6.347781284174071,0.0017506269743136754,-0.012668487126989092,0.0017523123373840031,-0.013538265777457897,-6.348372024267114,0.17495931141733698,-0.012077747033946373,0.0003787444049122002,121982.0,-7.878648973758852,-7.8750472672994025,0.0003801109906248354,-0.003601706459449794,0.0003803580598147459,-0.004242462755571999,-7.8699383783364585,0.03820579045183265,-0.00871059542239383,0.0003865267807840972,119526.0,-7.8583094018221455,-7.851586845522032,0.00038913398254083743,-0.006722556300113425,0.0003892815713593092,-0.007076601560132211,-7.8483653254842825,0.03903896068865312,-0.009944076337863095,0.0003264141078720909,141538.0,-8.027343713161057,-8.023034275862617,0.0003278238043208682,-0.004309437298440244,0.0003280267350734816,-0.0049161456337681415,-8.017908127950735,0.03295085921774117,-0.009435585210322728
2015-06,47.3,3.856510295497887,3.83680159253764,46.37690473503065,0.01970870296024696,0.015356145704824362,3080.2,-4.176239513426478,-4.188138585165235,0.015174504648607541,0.011899071738756817,0.01519277150761742,0.010753416328615836,-4.186751782352525,1.5195563293054346,0.010512268926047064,0.008175328827972414,5785.7,-4.80663433940258,-4.81440162829818,0.00811207466185416,0.007767288895600188,0.008125084321671364,0.006183875060476151,-4.816045153288402,0.8098753214489307,0.009410813885822655,0.0017672993573456881,26764.0,-6.3383026844048205,-6.346589583651305,0.0017527144409646405,0.008286899246484403,0.0017543900918539654,0.007358264021019858,-6.347471150340612,0.17511699871671538,0.009168465935791126,0.00038724783861671466,122144.0,-7.856445660047069,-7.874083360667367,0.0003804775587699594,0.01763770062029746,0.0003807207156176628,0.017144123582722735,-7.869303588309258,0.03823005080589354,0.012857928262188345,0.0003951743612879509,119694.0,-7.836183469478579,-7.850880016094523,0.00038940913112104226,0.014696546615944328,0.00038955456124023746,0.014426220629586584,-7.847942307532266,0.039055478363242614,0.01175883805368727,0.000333782610843348,141709.0,-8.005020642631111,-8.022092427894192,0.00032813270995320513,0.01707178526308084,0.0003283323464025979,0.016599840072007557,-8.017278275897082,0.032971619921488685,0.01225763326597118
2015-07,46.9,3.8480176754522337,3.839153253457064,46.486095829352784,0.008864421995169902,0.01523073425778586,3079.3,-4.184439901957754,-4.186746772049169,0.01519563942762684,0.0023068700914148366,0.01521373379043536,0.0011174421469887885,-4.185423173449031,1.5215765671297132,0.0009832714912771934,0.008108435193029166,5784.1,-4.8148503773102185,-4.812806478785718,0.008125024959880859,-0.002043898524500598,0.008137956051971065,-0.0036275520233054422,-4.814557030914379,0.8110814122177022,-0.0002933463958392224,0.0017498694127303933,26802.0,-6.34821411512794,-6.3453978831285385,0.001754804396733552,-0.0028162319994011753,0.0017564678463239279,-0.0037566492363320467,-6.346564524918316,0.17527583623181273,-0.0016495902096238524,0.0003832043729420128,122389.0,-7.866942100288598,-7.873119454035332,0.00038084448042289616,0.0061773537467342265,0.0003810833714205797,0.005565715222699325,-7.868674988395827,0.03825408976717351,0.001732888107229158,0.0003910255875805604,119941.0,-7.846737558737595,-7.850173186667013,0.00038968447425311026,0.0034356279294183167,0.0003898275511211658,0.003073247275491477,-7.847521835513388,0.03907190355200241,0.000784276775792847,0.00033030262481424877,141991.0,-8.015501278840858,-8.021150579925765,0.00032844190666473955,0.005649301084906355,0.0003286379577317141,0.005065352444447832,-8.01665444970265,0.03299219489860619,0.0011531708617908976
2015-08,46.9,3.8480176754522337,3.841504914376487,46.59554400627123,0.00651276107574672,0.01522035438437074,3081.4,-4.1851216426954405,-4.185354958933102,0.015216803642788851,0.00023331623766154053,0.015234696073253298,-0.0009413833274781797,-4.1840950342363294,1.5235987752233222,-0.001026608459111067,0.008106893452257485,5785.2,-4.815040535747343,-4.811211329273256,0.008137995932053934,-0.0038292064740872434,0.008150827782270765,-0.0053901678684517285,-4.813062720583624,0.8122943255598319,-0.0019778151637188657,0.0017485646111401088,26822.0,-6.348960049818652,-6.344206182605772,0.001756896844588461,-0.004753867212880181,0.0017585456007938901,-0.005675707044091146,-6.345651116844073,0.17543600773568283,-0.0033089329745790153,0.0003827852729691568,122523.0,-7.868036370992943,-7.872155547403297,0.00038121175592455874,0.004119176410354086,0.0003814460272234966,0.0035109704914438886,-7.868051473128841,0.03827794921375959,1.5102135898281688e-05,0.0003906217465539499,120065.0,-7.8477708663301815,-7.849466357239504,0.0003899600120746043,0.00169549090932275,0.00039010054100209403,0.00133608005391893,-7.847102986116426,0.03908827222300799,-0.0006678802137551898,0.00032999120492524183,142125.0,-8.016444555600604,-8.020208731957338,0.00032875139472975237,0.0037641763567339837,0.0003289435690608303,0.003184849813001804,-8.016035650942051,0.033012616745774076,-0.0004089046585527001
2015-09,46.9,3.8480176754522337,3.8438565752959106,46.70524987106856,0.004161100156323094,0.015249057094550657,3075.6,-4.1832376077057924,-4.183963145817035,0.015237997335091692,0.0007255381112427628,0.015255658356071237,-0.0004327090556503315,-4.182767450965747,1.5256228227169066,-0.00047015674004580177,0.00812093087685275,5775.2,-4.813310491372717,-4.809616179760795,0.008150987611378053,-0.003694311611922352,0.008163699512570465,-0.0052388792179158174,-4.811562024713738,0.8135142474362447,-0.0017484666589790976,0.0017493472584856396,26810.0,-6.348512555777772,-6.343014482083005,0.0017589917875009595,-0.005498073694766958,0.0017606233552638524,-0.006404604792103824,-6.344729907690048,0.17559769545462367,-0.0037826480877241053,0.00038235461964275524,122661.0,-7.869162056311499,-7.871191640771261,0.00038157938561618915,0.0020295844597626456,0.00038180868302641345,0.0014298695671727936,-7.8674319236699235,0.03830167164433417,-0.0017301326415752882,0.00039006944733230753,120235.0,-7.849185764610337,-7.848759527811994,0.00039023574472318596,-0.0004262367983427495,0.0003903735308830223,-0.0007789553508582459,-7.846684829978639,0.039104620641811146,-0.00250093463169776,0.00032964329643296434,142275.0,-8.017499408019091,-8.019266883988912,0.000329061174422783,0.0017674759698209641,0.00032924918038994657,0.0011970144999328572,-8.015420872291974,0.03303291843761647,-0.0020785357271169147
2015-10,46.7,3.8437441646748516,3.846208236215334,46.81521403045235,-0.0024640715404822267,0.015176627343927725,3077.1,-4.1879987093066235,-4.182571332700969,0.015259220545590585,-0.005427376605654288,0.015276620638889177,-0.006545511427239536,-4.1814405178099685,1.5276485659392693,-0.006558191496655041,0.008084760140574417,5776.3,-4.817774453607196,-4.808021030248333,0.008164000030910584,-0.009753423358863422,0.008176571242870165,-0.011228557737548816,-4.810054760983239,0.8147413525088182,-0.007719692623957108,0.0017392275892890395,26851.0,-6.354314178516479,-6.341822781560238,0.0017610892284461782,-0.012491396956241019,0.0017627011097338147,-0.013316789962377618,-6.34379990456029,0.17576107782225536,-0.01051427395618898,0.0003798971755824548,122928.0,-7.875609932432565,-7.870227734139227,0.00038194736983935727,-0.005382198293338192,0.00038217133882933037,-0.00595063788363042,-7.866815221064165,0.03832529967002579,-0.00879471136839971,0.0003874779087808966,120523.0,-7.855851720393668,-7.848052698384485,0.0003905116723366127,-0.007799022009182366,0.0003906465207639506,-0.008111199805024297,-7.846266442890679,0.03912098493323268,-0.009585277502988987,0.00032753771593292143,142579.0,-8.023907346365776,-8.018325036020485,0.00032937124601863115,-0.005582310345291219,0.0003295547917190628,-0.006120608277669522,-8.014809109584233,0.033053132927849664,-0.009098236781543534
2015-11,47.4,3.858622228701031,3.8485598971347574,46.92543709255871,0.010062331566273564,0.015395608678705989,3078.8,-4.173672960959132,-4.181179519584902,0.015280473315397974,0.007506558625770765,0.015297582921707117,0.006407924539488775,-4.180114332569435,1.5296758549033642,0.006441371610303115,0.008202678849548332,5778.6,-4.803294489093843,-4.806425880735871,0.00817703322376166,0.003131391642027914,0.008189442973169866,0.0016162120454138139,-4.808540760561902,0.8159758055051748,0.005246271468059227,0.0017637209302325582,26875.0,-6.340329536728933,-6.340631081037472,0.0017631891704028,0.0003015443085390146,0.0017647788642037772,-0.0005994711250671666,-6.342860143745953,0.17592632883192838,0.0025306070170199035,0.00038497149261731886,123126.0,-7.8623412715677885,-7.869263827507192,0.0003823157089359636,0.006922555939403274,0.00038253399463224723,0.0063719774432464205,-7.866200259706446,0.03834887549671408,0.00385898813865726,0.00039262136887357427,120727.0,-7.8426648484804184,-7.847345868956976,0.0003907877950527406,0.00468102047655794,0.00039091951064487886,0.004353474775121743,-7.845846919940531,0.039137400527363045,0.00318207146011229,0.0003319141784773962,142808.0,-8.010634121026357,-8.01738318805206,0.00032968160979235335,0.006749067025703326,0.00032986040304817905,0.006226195718669486,-8.014199374688726,0.03307329272184197,0.003565253662369372
2015-12,46.9,3.8480176754522337,3.8509115580541806,47.03591966695548,-0.0028938826019468955,0.015234692220237128,3078.5,-4.184180068899031,-4.1797877064688365,0.015301755685683508,-0.004392362430194474,0.015318545204525056,-0.005473952204231368,-4.178789043647913,1.5317044613152702,-0.005391025251118009,0.00811994667497706,5775.9,-4.813431691951166,-4.80483073122341,0.008190087223094264,-0.008600960727756402,0.008202314703469568,-0.010042046845345555,-4.807019914185029,0.8172177234964548,-0.0064117777661367725,0.0017429112936192352,26909.0,-6.3521984066715085,-6.339439380514706,0.0017652916163530584,-0.01275902615680291,0.0017668566186737394,-0.013552500413122564,-6.341909742666841,0.17609360888367376,-0.010288664004667325,0.00038016341352700863,123368.0,-7.874909362085258,-7.868299920875156,0.00038268440324823813,-0.006609441210102318,0.00038289665043516415,-0.007138315012808752,-7.865586001852072,0.038372438830935,-0.009323360233186584,0.0003876673830385188,120980.0,-7.8553628462086715,-7.8466390395294665,0.00039106411300952296,-0.008723806679205026,0.00039119250052580717,-0.009011209270500408,-7.845425430176654,0.039153900018009016,-0.009937416032017587,0.0003277955226905792,143077.0,-8.023120550409878,-8.016441340083633,0.00032999226601926747,-0.0066792103262454106,0.00033016601437729526,-0.007179696223994701,-8.013590749677794,0.03309342808180663,-0.00952980073208387
2016-01,47.5,3.8607297110405954,3.853263218973604,47.14666236464575,0.00746649206699157,0.015419574744359682,3080.5,-4.17211748941403,-4.17839589335277,0.015323067697674234,0.006278403938739352,0.015339507487342995,0.005219675865261812,-4.1774647497472275,1.5337342319008025,0.005347260333197212,0.008218419641157847,5779.7,-4.801377346164627,-4.803235581710948,0.008203162062124344,0.0018582355463205857,0.008215186433769268,0.0003935647005268433,-4.805492072107434,0.8184672574231592,0.004114725942806707,0.0017648151588333643,26915.0,-6.339709319954462,-6.338247679991939,0.0017673965692827425,-0.0014616399625229093,0.001768934373143702,-0.002328641679915497,-6.340947799216472,0.17626308247632927,0.0012384792620094842,0.0003846371859133716,123493.0,-7.863210042241249,-7.867336014243121,0.00038305345311874007,0.004125972001872036,0.00038325930623808106,0.003595162995036632,-7.864971379980201,0.03839603062038976,0.001761337738951596,0.00039225077624364143,121096.0,-7.843609187401806,-7.8459322101019575,0.0003913406263450097,0.0023230227001516113,0.0003914654904067354,0.0020060154883386866,-7.845001118094484,0.03917051701599791,0.0013919306926784003,0.0003316807485510788,143210.0,-8.011337652432152,-8.015499492115206,0.00033030321497494914,0.004161839683053614,0.00033047162570641153,0.0036587796065174335,-8.012982289114102,0.03311357025494937,0.0016446366819504732
2016-02,47.5,3.8607297110405954,3.8556148798930274,47.257665798071166,0.005114831147567944,0.015440124821219607,3076.4,-4.170785650142303,-4.177004080236703,0.015344409392654572,0.006218430094399707,0.015360469770160933,0.0051857171200200705,-4.176141591166622,1.5357649486940128,0.005355941024318689,0.008224538560099734,5775.4,-4.800633086020018,-4.801640432198486,0.008216257774120852,0.0010073461784676496,0.008228058164068968,-0.00042775633072262,-4.803957134057522,0.819724518621365,0.0033240480375038572,0.0017606938987323004,26978.0,-6.34204728698903,-6.337055979469173,0.0017695040321812016,-0.004991307519857102,0.0017710121276136642,-0.005826176297994634,-6.3399734906762015,0.1764349007913542,-0.0020737963128283354,0.0003839345613850742,123719.0,-7.8650384329582055,-7.8663721076110855,0.00038342285889036027,0.0013336746528800347,0.0003836219620409979,0.0008148630031846127,-7.864355398509501,0.03841968914966011,-0.0006830344487047668,0.00039169442886829173,121268.0,-7.845028540349235,-7.845225380674448,0.0003916173351973499,0.00019684032521283257,0.0003917384802876637,-0.00011245109068580961,-7.844573204867052,0.039187282185117425,-0.0004553354821830169,0.000331227424236085,143406.0,-8.012705336235936,-8.01455764414678,0.0003306144569352337,0.001852307910844786,0.00033077723703552774,0.0013609981285044657,-8.01237312109273,0.03313374812825573,-0.00033221514320480594
2016-03,47.9,3.8691155044168695,3.8579665408124506,47.368930581115265,0.01114896360441886,0.015565593214831181,3077.3,-4.162692363715155,-4.175612267120637,0.01536578081196645,0.012919903405482103,0.015381432052978873,0.011972952922588381,-4.174819666945613,1.5377964560310093,0.012127303230458075,0.008287340611429264,5779.9,-4.793026156061827,-4.800045282686025,0.008229374392405855,0.007019126624197902,0.00824092989436867,0.005631733027156018,-4.802414968014271,0.8209896452056975,0.009388811952444343,0.001770533008057958,27054.0,-6.33647464323227,-6.335864278946406,0.0017716140080413503,-0.000610364285863696,0.0017730898820836265,-0.0014420442254533055,-6.338985984771219,0.17660921735288188,0.0025113415389492744,0.000386352637522181,123980.0,-7.8587600368390405,-7.865408200979051,0.00038379262090631886,0.006648164140010238,0.0003839846178439148,0.006166964946571877,-7.86373704826807,0.03844345332025461,0.00497701142902951,0.0003942906061703599,121484.0,-7.838422341431546,-7.844518551246939,0.0003918942397047886,0.006096209815392939,0.000392011470168592,0.005813952333557254,-7.8441409009271785,0.039204226663917555,0.0057185594956328245,0.0003334215032506856,143662.0,-8.006103092874726,-8.013615796178353,0.000330925992176218,0.007512703303627077,0.00033108284836464396,0.007063654603653608,-8.01176236101866,0.03315399107988085,0.00565926814393336
2016-04,48.1,3.8732821771117156,3.8603182017318742,47.48045732910701,0.012963975379841397,0.01560978775881093,3081.4,-4.1598571410359595,-4.17422045400457,0.015387181997009409,0.014363312968610487,0.015402394335796814,0.013465011899618257,-4.173499034797012,1.5398286610711438,0.013641893761052515,0.008315612952301921,5784.3,-4.789620452601745,-4.798450133173563,0.008242511950354635,0.008829680571817988,0.00825380162466837,0.007488831261562356,-4.80086541630814,0.8222627972638656,0.011244963706395161,0.0017767434988179669,27072.0,-6.332973085294235,-6.33467257842364,0.0017737264998596708,0.0016994931294052051,0.0017751676365535887,0.0008877258867999702,-6.337984465228229,0.17678618353828757,0.005011379933994142,0.0003874376756961393,124149.0,-7.855955559019705,-7.864444294347015,0.00038416273951016834,0.008488735327309982,0.0003843472736468317,0.008040650373254143,-7.863115325354334,0.03846736192756131,0.007159766334629225,0.0003953316347497329,121670.0,-7.835785563669779,-7.84381172181943,0.00039217134000566996,0.008026158149650797,0.00039228446004952025,0.0077677680625634965,-7.843703420221077,0.039221381508863874,0.007917856551298286,0.0003343667885495016,143854.0,-8.003271998224513,-8.012673948209926,0.0003312378209742575,0.009401949985413438,0.0003313884596937602,0.008987424783873472,-8.011149126860255,0.03317432847485378,0.007877128635742636
2016-05,48.0,3.871201010907891,3.8626698626512974,47.592246658824045,0.008531148256593735,0.015587958302211541,3079.3,-4.161256566502097,-4.172828640888503,0.015408612989240617,0.011572074386406506,0.015423356618614752,0.010672234823263302,-4.172179658858762,1.5418616147757838,0.010923092356665443,0.008301769314585171,5781.9,-4.791286616465225,-4.796854983661101,0.008255670481395734,0.005568367195875723,0.008266673354968071,0.004245475551058046,-4.79930824882505,0.8235441955712831,0.008021632359825226,0.0017719369485769132,27089.0,-6.335682009499509,-6.3334808779008736,0.0017758415106362195,-0.002201131598635442,0.0017772453910235512,-0.002986893353866443,-6.3369680963962995,0.17696595484665356,0.0012860868967905503,0.0003863458922577893,124241.0,-7.858777495819825,-7.86348038771498,0.00038453321504579123,0.004702891895155048,0.0003847099294497486,0.0042524579762748,-7.862489187463854,0.038491455342523816,0.0037116916440291803,0.00039440924889688663,121701.0,-7.838121484960838,-7.84310489239192,0.00039244863623843574,0.004983407431081943,0.0003925574499304485,0.004717268687083179,-7.843259932570275,0.03923877956483679,0.005138447609437158,0.00033356497567755384,143900.0,-8.005672881967568,-8.0117321002415,0.000331549943605968,0.006059218273932743,0.00033169407102287644,0.005640452507661403,-8.010532492918696,0.0331947912001369,0.004859610951127635
2016-06,48.2,3.8753590210565547,3.8650215235707206,47.7042991884962,0.010337497485834124,0.015653924848169923,3079.1,-4.157033604417842,-4.171436827772437,0.01543007383017498,0.014403223354594985,0.015444318901432691,0.013571718382335902,-4.170861398007279,1.5438955309024025,0.013827793589436865,0.008343286423984351,5777.1,-4.786298084597397,-4.79525983414864,0.00826885001901106,0.008961749551242626,0.008279545085267771,0.007698652288275866,-4.797743148684229,0.8248341338857503,0.01144506408683199,0.0017781384882133767,27107.0,-6.3321882550398945,-6.332289177378106,0.001777959043374631,0.00010092233821179519,0.0017793231454935135,-0.0006657909684011905,-6.335936003956445,0.17714869435657435,0.0037477489165507194,0.0003872481280329081,124468.0,-7.856444912680509,-7.862516481082945,0.00038490404785740254,0.006071568402436611,0.0003850725852526655,0.0056496953134566276,-7.861857537047081,0.03851577616665385,0.005412624366572416,0.0003951888625611846,121967.0,-7.836146774266054,-7.842398062964411,0.0003927261285416246,0.006251288698356561,0.0003928304398113768,0.006003665986119203,-7.842809546701729,0.03925645613699212,0.006662772435674924,0.0003343808750789125,144147.0,-8.003229870138902,-8.010790252273074,0.00033186236034822754,0.007560382134171206,0.0003319996823519927,0.007172274111983053,-8.009911472714847,0.0332154122385127,0.006681602575945078
2016-07,48.0,3.871201010907891,3.8673731844901442,47.81661553780892,0.0038278264177469268,0.015582897769697755,3080.3,-4.161581262913807,-4.17004501465637,0.015451564561385264,0.008463751742563197,0.01546528118425063,0.007605201874176261,-4.169544026835859,1.5459307546447016,0.007962763922051863,0.008302343682435355,5781.5,-4.791217432661125,-4.793664684636178,0.008282050596735993,0.002447251975052467,0.008292416815567472,0.0011971017724588522,-4.796169737109591,0.8261329589844343,0.0049523044484658385,0.0017677604684565242,27153.0,-6.338041805587389,-6.33109747685534,0.001780079101082117,-0.006944328732049421,0.0017814008999634757,-0.007657137428880408,-6.33488730366617,0.1773345676894422,-0.003154501921219577,0.00038464312330216123,124791.0,-7.863194606024519,-7.86155257445091,0.0003852752382895494,-0.0016420315736089819,0.00038543524105558234,-0.0020551253986318342,-7.861219247914869,0.038540368215583584,-0.001975358109649328,0.00039269906979407844,122231.0,-7.842466965127505,-7.841691233536901,0.00039300381705387465,-0.0007757315906040674,0.0003931034296923051,-0.0010286348774497898,-7.842351331693879,0.03927444815614089,-0.00011563343362563927,0.00033213396069748134,144520.0,-8.009972174353685,-8.009848404304647,0.00033217507147817357,-0.00012377004903818545,0.0003323052936811089,-0.0005155890889658676,-8.009285042272579,0.03323622590236711,-0.0006871320811061565
2016-08,48.0,3.871201010907891,3.8697248454095674,47.92919632790657,0.0014761654983237449,0.01557026080186843,3082.8,-4.162392542995947,-4.1686532015403035,0.015473085224502098,0.00626065854435609,0.01548624346706857,0.005425288255252003,-4.1682272132418605,1.5479677981867597,0.0058346702459131095,0.008298611711415778,5784.1,-4.791667041854561,-4.792069535123717,0.008295272248159423,0.00040249326915553496,0.008305288545867172,-0.0008039256450296943,-4.794587547014372,0.8274410929548883,0.0029205051598113485,0.0017647707636310158,27199.0,-6.339734475994477,-6.3299057763325735,0.0017822016867694796,-0.00982869966190325,0.0017834786544334382,-0.010489551279976177,-6.333821082365162,0.17752374641819083,-0.005913393629314534,0.00038412599332581085,124959.0,-7.864539951572782,-7.860588667818875,0.00038564678668711016,-0.003951283753907298,0.00038579789685849926,-0.004333625316007416,-7.8605731521139965,0.03856527703152596,-0.00396679945878553,0.00039223056620116525,122377.0,-7.8436607119987265,-7.840984404109392,0.00039328170191392053,-0.002676307889334595,0.00039337641957323333,-0.0029128674599031555,-7.841884305214885,0.0392927946471928,-0.001776406783841722,0.0003318102321980354,144661.0,-8.010947342232445,-8.008906556336221,0.0003324880772732045,-0.0020407858962236958,0.0003326109050102252,-0.0024072356021073798,-8.008652126060182,0.03325726830691664,-0.002295216172262471
2016-09,47.7,3.8649313978942956,3.872076506328991,48.04204218139604,-0.007145108434695402,0.015455900460112762,3086.2,-4.169764441742808,-4.1672613884242375,0.015494635861214094,-0.0025030533185708137,0.01550720574988651,-0.00330848062515219,-4.166910563681561,1.5500072716488889,-0.0028538780612477055,0.008231944084908103,5794.5,-4.79973307288015,-4.790474385611255,0.008308515006923888,-0.009258687268895116,0.008318160276166872,-0.010364814862463672,-4.792996073099582,0.8287589922933981,-0.006736999780567743,0.001752967549887913,27211.0,-6.346445184402102,-6.328714075809807,0.0017843268034511094,-0.017731108592294653,0.0017855564089034005,-0.01825137467121632,-6.332736451233403,0.17771639865960506,-0.013708733168698473,0.00038087785558580935,125237.0,-7.87303182325084,-7.859624761186839,0.00038601869339529703,-0.013407062064000996,0.00038616055266141617,-0.013680053644005092,-7.859918096933201,0.03859054769197916,-0.01311372631763863,0.00038893056325625387,122644.0,-7.852109730905558,-7.840277574681883,0.000393559783260596,-0.01183215622367495,0.00039364940945416164,-0.011987433702621252,-7.841407485825136,0.03931153468100869,-0.010702245080421946,0.00032904040229845416,144967.0,-8.019330011399848,-8.007964708367794,0.0003328013780109821,-0.011365303032054186,0.0003329165163393414,-0.011642900999649767,-8.008011653847895,0.033278575485723424,-0.01131835755195354
2016-10,47.6,3.8628327612373745,3.874428167248414,48.15515372235003,-0.0115954060110397,0.015416504728591787,3087.6,-4.172316607838324,-4.165869575308171,0.015516216513267967,-0.006447032530153329,0.015528168032704449,-0.007191015957419035,-4.165593639590632,1.5520498582365772,-0.006722968247691696,0.00820732106833112,5799.7,-4.802728709821466,-4.788879236098793,0.008321778906725615,-0.013849473722673089,0.008331032006466574,-0.01484941337873015,-4.791394787531467,0.830087135191438,-0.011333922289998632,0.0017477510556269506,27235.0,-6.349425428580401,-6.327522375287041,0.0017864544541449916,-0.021903053293359953,0.0017876341633733628,-0.02231055355932031,-6.331632567078911,0.17791268529499987,-0.017792861501489732,0.0003798700780489362,125306.0,-7.8756812635761495,-7.858660854554804,0.00038639095875965383,-0.017020409021345273,0.00038652320846433303,-0.017212757913890556,-7.859252960269242,0.03861622421838432,-0.01642830330690792,0.0003877168689419239,122770.0,-7.855235203937511,-7.839570745254373,0.0003938380612328331,-0.015664458683137816,0.0003939223993350899,-0.015753179823336846,-7.840919905791866,0.03933070687400577,-0.014315298145644917,0.0003281287698617861,145065.0,-8.022104435581799,-8.007022860399369,0.00033311497396942705,-0.01508157518243003,0.00033322212766845766,-0.01528517281343107,-8.007362573115952,0.03330018297960308,-0.014741862465847078
2016-11,47.2,3.8543938925915096,3.8767798281678374,48.26853157631063,-0.022385935576327842,0.015282499595272787,3088.5,-4.181046922544444,-4.164477762192105,0.015537827222468522,-0.01656916035233902,0.015549130315522387,-0.017147629149614093,-4.164276024425416,1.5540962105233076,-0.01677089811902821,0.008136387926427747,5801.1,-4.811408941133146,-4.7872840865863315,0.008335063981314624,-0.024124854546814234,0.008343903736766274,-0.024870350484047076,-4.7897832144593,0.8314259597831322,-0.02162572667384577,0.0017347201293689588,27209.0,-6.356909187316027,-6.326330674764274,0.0017885846418727101,-0.030578512551752368,0.001789711917843325,-0.030726614672507476,-6.330508692486967,0.17811274924392353,-0.026400494829059262,0.0003763895312674439,125402.0,-7.884885963425582,-7.857696947922769,0.0003867635831260586,-0.027189015502812275,0.00038688586426724995,-0.027130308882403267,-7.858576721205038,0.03864234684928908,-0.02630924222054354,0.00038403332628187396,122906.0,-7.864781221949958,-7.838863915826864,0.0003941165359696609,-0.02591730612309373,0.0003941953892160182,-0.02577925367000035,-7.840420679961362,0.03935034668075078,-0.02436054198859594,0.00032510693400742514,145183.0,-8.031356402037131,-8.006081012430942,0.0003334288654267247,-0.02527538960618969,0.0003335277389975739,-0.02524769008855959,-8.0067039186776,0.033322123517743746,-0.02465248335953163
2016-12,47.4,3.858622228701031,3.879131489087261,48.382176370292726,-0.02050926038623002,0.015352226720647772,3087.5,-4.176494752235202,-4.163085949076038,0.015559468030678841,-0.013408803159164151,0.015570092598340326,-0.013992587154926527,-4.162957353517005,1.5561469037826066,-0.01353739871819748,0.008176502044125511,5797.1,-4.806490842791797,-4.7856889370738696,0.008348370264494831,-0.020801905717927838,0.008356775467065975,-0.021572127150109605,-4.788160965485457,0.8327758343134645,-0.01832987730634006,0.0017381738173817382,27270.0,-6.354920247138604,-6.325138974241508,0.0017907173696594515,-0.029781272897095867,0.0017917896723132875,-0.029923073985758955,-6.329364227333454,0.17831670976942438,-0.025556019805149433,0.0003773314546366393,125619.0,-7.8823865667598145,-7.856733041290734,0.00038713656684072307,-0.02565352546908084,0.0003872485200701668,-0.02560904669624194,-7.8578884855851125,0.03866895104275494,-0.02449808117470198,0.0003850402911359501,123104.0,-7.862162576850991,-7.838157086399355,0.000394395207610208,-0.02400549045163558,0.00039446837909694647,-0.02390074454783933,-7.83990903363746,0.03937048529245823,-0.022253543213530236,0.0003259793133802817,145408.0,-8.028676634499684,-8.005139164462515,0.00033374305266132035,-0.023537470037169328,0.00033383335032669014,-0.023526819410710383,-8.006034839095022,0.033344426130516996,-0.02264179540466138
2017-01,47.9,3.8691155044168695,3.881483150006684,48.4960887327874,-0.012367645589814735,0.015498608684397851,3090.6,-4.167005021382725,-4.161694135959971,0.015581138979820278,-0.0053108854227543745,0.015591054881158266,-0.005929438223717348,-4.161637391601571,1.5582023146640325,-0.005367629781154015,0.008255062473071952,5802.5,-4.7969286337317225,-4.784093787561408,0.008361697790124105,-0.01283484617031494,0.008369647197365675,-0.013690508284481618,-4.786527819077492,0.8341369903569299,-0.010400814654230928,0.0017536794317932196,27314.0,-6.3460391658215,-6.323947273718741,0.0017928526405340099,-0.022091892102758415,0.0017938674267832498,-0.02240299053876851,-6.328198775201774,0.178524650507891,-0.017840390619725532,0.00038074193009927904,125807.0,-7.873388761162718,-7.855769134658699,0.00038750991025019165,-0.01761962650401916,0.00038761117587308373,-0.017722001328604357,-7.8571875622573994,0.038696064513721096,-0.01620119890531857,0.00038844556896328015,123312.0,-7.853357503600905,-7.837450256971845,0.00039467407629370136,-0.015907246629059735,0.0003947413689778747,-0.015949177130577,-7.8393843800911425,0.03939114657672127,-0.01397312350976243,0.00032892026258686514,145628.0,-8.019695199531407,-8.00419731649409,0.0003340575359519221,-0.015497883037317806,0.00033413896165580636,-0.015618349452815252,-8.005354673150183,0.03336711358836463,-0.01434052638122374
2017-02,47.9,3.8691155044168695,3.883834810926108,48.610269293765555,-0.014719306509238361,0.015483579001810188,3093.6,-4.167975235876217,-4.160302322843905,0.015602840111872567,-0.007672913032312323,0.015612017163976206,-0.008226878104027559,-4.160316007870525,1.5602626588051338,-0.007659228005692853,0.00825164946855243,5804.9,-4.797342163037889,-4.7824986380489465,0.008375046592114356,-0.014843524988942924,0.008382518927665377,-0.015612187725700293,-4.784883695137192,0.8355095429663836,-0.012458467900697379,0.001753872066200432,27311.0,-6.345929326004456,-6.322755573195974,0.0017949904575287924,-0.023173752808482107,0.0017959451812532123,-0.02342672565507912,-6.3270121368668395,0.17873662044286676,-0.018917189137616752,0.0003802824728681555,125959.0,-7.874596231738314,-7.854805228026663,0.00038788361370134435,-0.0197910037116511,0.0003879738316760006,-0.01982442675223566,-7.856473449098234,0.038723707751623475,-0.018122782640079826,0.00038779145077720204,123520.0,-7.855042860841734,-7.836743427544336,0.0003949531421594651,-0.018299433297397805,0.00039501435885880303,-0.018285178550136724,-7.838846304302826,0.03941234770236291,-0.01619655653890817,0.0003284286164858824,145846.0,-8.021191045065821,-8.003255468525662,0.0003343723155775021,-0.017935576540159204,0.00033444457298492257,-0.017987902884318584,-8.004662934330254,0.03339020290110898,-0.01652811073556748
2017-03,48.4,3.879499813722586,3.886186471845531,48.724718684681235,-0.0066866581229452215,0.015620965659695325,3098.4,-4.1591413144779565,-4.158910509727838,0.015624571468873952,-0.00023080475011827417,0.015632979446794145,-0.0007684899183619007,-4.15899311293217,1.5623280882508332,-0.00014820154578654154,0.008333907293890762,5807.6,-4.787422869886947,-4.7809034885364845,0.008388416704431663,-0.006519381350462261,0.008395390657965077,-0.007323466718726565,-4.7832285938195485,0.8368935409243338,-0.004194276067398306,0.0017730236647373434,27298.0,-6.335068904693554,-6.321563872673208,0.0017971308236798171,-0.013505032020346697,0.0017980229357231745,-0.01390375533545478,-6.325804250760897,0.17895264436320402,-0.009264653932657296,0.00038398375209247344,126047.0,-7.86491031853092,-7.853841321394628,0.00038825767754139444,-0.011068997136291614,0.0003883364874789175,-0.011208669612021396,-7.855745768993206,0.0387518964782912,-0.009164549537714173,0.00039145590863872017,123641.0,-7.845637670488171,-7.836036598116826,0.00039523240534692353,-0.009601072371344443,0.0003952873487397313,-0.009692797184697788,-7.8382944990702415,0.03943410164347078,-0.007343171417929284,0.00033157498116051244,145970.0,-8.011656586402038,-8.002313620557235,0.0003346873918172938,-0.00934296584480343,0.00033475018431403884,-0.009485291725926728,-8.003959246774619,0.033413707440326595,-0.007697339627419808
2017-04,48.7,3.885679030088544,3.888538132764954,48.839437538475266,-0.002859102676409986,0.01569651260233353,3102.6,-4.154316718541686,-4.157518696611771,0.015646333092921193,0.003201978070085154,0.015653941729612084,0.0027194986065979723,-4.1576686764937945,1.564398663369506,0.0033519579521081866,0.00838224410058693,5809.9,-4.781639607905331,-4.7793083390240225,0.008401808161096301,-0.0023312688813081905,0.008408262388264778,-0.0030943715212980124,-4.781562611409704,0.8382889528855701,-7.699649562642463e-05,0.0017838174425845207,27301.0,-6.328999580450273,-6.320372172150441,0.0017992737420267277,-0.008627408299831885,0.0018001006901931368,-0.00904574266168912,-6.32457520128216,0.17917272123245462,-0.004424379168113113,0.0003858250873454125,126223.0,-7.860126432791317,-7.8528774147625935,0.00038863210211789094,-0.007249018028723242,0.00038869914328183437,-0.00739403722929737,-7.855004284664186,0.038780641057760294,-0.0051221481271310765,0.000393249354005168,123840.0,-7.84106665873501,-7.835329768689317,0.000395511865995598,-0.005736890045692888,0.00039556033862065955,-0.005842306191642205,-7.83772878216455,0.03945641649277987,-0.003337876570459919,0.0003331623054557893,146175.0,-8.006880782955328,-8.00137177258881,0.00033500276495079367,-0.0055090103665182966,0.0003350557956431551,-0.005651268272292213,-8.003243362154379,0.033437636363740496,-0.003637420800949087
2017-05,48.9,3.8897773964808264,3.890889793684378,48.954426489578665,-0.0011123972035513852,0.015753358461389776,3104.1,-4.150701700798188,-4.1561268834957055,0.015668125026169676,0.00542518269751735,0.015674904012430022,0.0050050991634487795,-4.156342669406215,1.566474443030052,0.005640968608027208,0.008422902025630424,5805.6,-4.776800851483101,-4.777713189511561,0.00841522099618286,0.0009123380284608018,0.008421134118564478,0.00020993693260970998,-4.779885876556041,0.8396957202486616,0.003085025072940617,0.001790749624638371,27307.0,-6.325120962081144,-6.319180471627675,0.00180141921561279,-0.005940490453468783,0.001802178444663099,-0.006341669471507023,-6.323325144315368,0.17939683739068837,-0.0017958177657755314,0.0003868732100191459,126398.0,-7.857413541304076,-7.851913508130558,0.0003890068877787181,-0.005500033173518659,0.0003890617990847513,-0.005625299298861907,-7.854248829547163,0.03880994916057306,-0.003164711756913796,0.0003942499173607024,124033.0,-7.838525541732556,-7.834622939261808,0.0003957915242451096,-0.003902602470748029,0.00039583332850158786,-0.004000196615276,-7.8371490280171825,0.03947929814610763,-0.0013765137153738394,0.00033406203033201255,146380.0,-8.004183862674392,-8.000429924620382,0.00033531843525776335,-0.0037539380540092537,0.0003353614069722713,-0.0038745562645084003,-8.002515091533688,0.033461996881377506,-0.0016687711407037398
2017-06,48.6,3.883623530906448,3.893241454603801,49.06968617391614,-0.009617923697352815,0.01563656253016312,3108.1,-4.1581433550956595,-4.154735070379639,0.015689947310833542,-0.0034082847160208374,0.01569586629524796,-0.0037783046803089816,-4.155015036656376,1.5685555269543128,-0.003128318439283184,0.008364168315979692,5810.5,-4.78379837375648,-4.7761180399990995,0.008428655243820343,-0.007680333757380531,0.008434005848864178,-0.008280470056099304,-4.778198518501052,0.8411137836398498,-0.005599855255428388,0.0017788514329636544,27321.0,-6.33178738532948,-6.3179887711049085,0.001803567247484899,-0.013798614224571182,0.0018042561991330616,-0.014080464948167578,-6.3220542698839886,0.17962497317966353,-0.009733115445491158,0.00038402579136179025,126554.0,-7.8648008426273535,-7.850949601498523,0.00038938203487209465,-0.013851241128830516,0.0003894244548876682,-0.013863185678555363,-7.853479276600873,0.038839826966097064,-0.01132156602648049,0.00039123189747470276,124223.0,-7.846210085615593,-7.833916109834298,0.0003960713802351781,-0.012293975781294542,0.0003961063183825161,-0.012305839825322292,-7.83655513681479,0.03950275151763938,-0.009654948800802643,0.00033155277214956714,146583.0,-8.011723569003331,-7.999488076651956,0.00033563440301822607,-0.012235492351375221,0.00033566701830138753,-0.012256927036323537,-8.00177427404322,0.033486795298349616,-0.009949294960112098
2017-07,48.6,3.883623530906448,3.8955931155232246,49.18521722890969,-0.01196958461677644,0.015619476136911458,3111.5,-4.159236673102824,-4.153343257263573,0.01571179998918567,-0.0058934158392514036,0.015716828578065903,-0.0061941530169965665,-4.153685679705231,1.570642083729425,-0.005550993397593018,0.008357695614789338,5815.0,-4.784572534046316,-4.7745228904866375,0.008442110938192221,-0.010049643559678856,0.008446877579163879,-0.010557979980025793,-4.776500642683023,0.8425431034537085,-0.00807189136329356,0.0017785910338517842,27325.0,-6.331933782138291,-6.316797070582142,0.001805717840693583,-0.015136711556149152,0.0018063339536030238,-0.015358688074207955,-6.320762781868108,0.17985710654634304,-0.011171000270183029,0.00038348036043997665,126734.0,-7.866222149837341,-7.849985694866487,0.00038975754374657637,-0.01623645497085402,0.00038978711069058506,-0.01617998665844737,-7.852695523203126,0.03887027974462512,-0.013526626634215333,0.000390681522210968,124398.0,-7.847617851081111,-7.833209280406789,0.00039635143410562116,-0.014408570674321552,0.0003963793082634444,-0.014374579938187504,-7.835947019365274,0.0395267811358157,-0.01167083171583716,0.00033112582781456954,146772.0,-8.013012110368916,-7.99854622868353,0.00033595066851247,-0.01446588168538554,0.0003359726296305038,-0.014426180553054809,-8.001020761689963,0.033512037521246936,-0.011991348678952463
2017-08,48.6,3.883623530906448,3.897944776442648,49.30102029348202,-0.014321245536199623,0.015620982257649782,3111.2,-4.1591402519350895,-4.151951444147506,0.01573368310355788,-0.007188807787583684,0.01573779086088384,-0.007422172798368182,-4.152354524151992,1.5727342448483401,-0.006785727783097606,0.008355971252707954,5816.2,-4.784778875611118,-4.772927740974176,0.008455588113536536,-0.011851134636941651,0.00845974930946358,-0.012267273291365084,-4.774792397749002,0.8439836034549986,-0.009986477862115706,0.0017780704642739547,27333.0,-6.33222651147552,-6.315605370059376,0.0018078709982930071,-0.016621141416144347,0.001808411708072986,-0.016777840833248406,-6.319450959249015,0.18009320199072967,-0.01277555222650495,0.000383283779840535,126799.0,-7.866734903612385,-7.849021788234452,0.000390133414751054,-0.01771311537793263,0.0003901497664935019,-0.01759833592795769,-7.851897554089495,0.03890130940600868,-0.014837349522889731,0.00039001998250527654,124609.0,-7.849312582960145,-7.8325024509792796,0.0003966316859963565,-0.016810131980865783,0.0003966522981443727,-0.0167207291376442,-7.835324660974598,0.039551388616253694,-0.013987921985547658,0.0003307945194290732,146919.0,-8.014013162578726,-7.997604380715103,0.00033626723202104757,-0.016408781863622934,0.00033627824095962,-0.016307095918243784,-8.000254483250167,0.033537726914430147,-0.013758679328558898
2017-09,48.8,3.8877303128591016,3.9002964373620714,49.4170960080602,-0.012566124502969789,0.01566864665275325,3114.5,-4.1560935918350985,-4.150559631031439,0.015755596696340895,-0.005533960803659532,0.01575875314370178,-0.005717869309003279,-4.15102153842761,1.5748320750231792,-0.005072053407488397,0.008393244126449038,5814.2,-4.780328167392865,-4.771332591461714,0.008469086804146009,-0.008995575931150412,0.00847262103976328,-0.009368637277852388,-4.773073994629149,0.8454351543298652,-0.0072541727637158715,0.0017839517455675378,27355.0,-6.328924293638825,-6.314413669536609,0.0018100267233409795,-0.014510624102215708,0.0018104894625429486,-0.014657758315884836,-6.318119167203985,0.18033320846838938,-0.010805126434839885,0.00038465479596743043,126867.0,-7.863164259743897,-7.848057881602418,0.0003905096482347556,-0.015106378141479304,0.00039051242229641884,-0.014999846341743703,-7.851085458367674,0.038932913824119994,-0.01207880137622297,0.0003914176859835572,124675.0,-7.845735317555222,-7.831795621551771,0.0003969121360473995,-0.013939696003451019,0.00039692528802530094,-0.013875664282172606,-7.834688137001439,0.039576572037354985,-0.011047180553782177,0.00033195472355245973,147008.0,-8.010511973189669,-7.996662532746677,0.0003365840938247745,-0.013849440442991856,0.0003365838522887363,-0.013753270410326994,-7.999475460025915,0.03356386376186888,-0.01103651316375398
2017-10,48.9,3.8897773964808264,3.9026480982814946,49.53344501457907,-0.012870701800668183,0.015689168377823408,3116.8,-4.15478471696739,-4.149167817915373,0.015777540809984496,-0.005616899052016677,0.015779715426519722,-0.005738192752458572,-4.1496867433220475,1.5769355567152266,-0.0050979736453422575,0.008397733127253993,5823.0,-4.779793475356294,-4.769737441949252,0.008482607044368084,-0.010056033407041198,0.008485492770062981,-0.010342315430237142,-4.771345721309778,0.8468975607053031,-0.008447754046515321,0.0017863666252648498,27374.0,-6.327571540290386,-6.313221969013843,0.0018121850188989532,-0.014349571276542683,0.0018125672170129109,-0.01445496282959331,-6.3167678694870855,0.18057705704017732,-0.010803670803300136,0.00038511518015357354,126975.0,-7.861968099188619,-7.847093974970382,0.0003908862445472462,-0.014874124218237306,0.00039087507809933576,-0.014735904815856321,-7.850259439631076,0.03896508642616582,-0.0117086595575433,0.00039186460236561205,124788.0,-7.844594179967407,-7.831088792124262,0.0003971927843988655,-0.013505387843145478,0.00039719827790622925,-0.013428244373900283,-7.834037630735972,0.03960232522082646,-0.010556549231434786,0.00033231622369163226,147149.0,-8.009423561371088,-7.9957206847782505,0.00033690125420473226,-0.013702876592837754,0.0003368894636178525,-0.013574897466689094,-7.998683819481939,0.03359044479715968,-0.010739741889149279
2017-11,48.9,3.8897773964808264,3.9049997592009182,49.65006795648493,-0.015222362720091809,0.015667553106276634,3121.1,-4.156163386289147,-4.147776004799306,0.015799515486997612,-0.008387381489840529,0.015800677709337657,-0.008425246404611559,-4.148350198761479,1.5790446104641198,-0.007813187527667687,0.008399175541051185,5822.0,-4.779621727824742,-4.768142292436791,0.008496148868605037,-0.011479435387951042,0.008498364500362681,-0.011671535070926125,-4.76960792175076,0.8483705784469185,-0.0100138060739825,0.0017836299970819959,27416.0,-6.329104667073619,-6.312030268491076,0.001814345888032034,-0.017074398582543004,0.0018146449714828731,-0.017091483396629786,-6.315397613225272,0.18082466348672616,-0.013707053848346362,0.0003846123595063748,127141.0,-7.863274589323931,-7.846130068338347,0.00039126320403842665,-0.01714452098558361,0.0003912377339022526,-0.016934395181659814,-7.849419794673742,0.03899781700360485,-0.013854794650188573,0.0003912219084268719,124993.0,-7.8462356182355535,-7.830381962696752,0.0003974736311909691,-0.015853655538801803,0.0003974712677871575,-0.015722795247761392,-7.83337341070896,0.039628638616329086,-0.012862207526593394,0.0003318133702467226,147372.0,-8.010937884917558,-7.994778836809824,0.0003372187134422666,-0.01615904810773383,0.00033719507494696876,-0.015960211462437777,-7.997879774241253,0.03361746389526437,-0.013058110676305468
2017-12,49.3,3.8979240810486444,3.9073514201203414,49.76696547873895,-0.009427339071697016,0.015782060311159484,3123.8,-4.148881407374978,-4.146384191683239,0.01582152076994835,-0.0024972156917382193,0.0158216399921556,-0.002501616837176092,-4.147012004008299,1.5811590941568268,-0.0018694033666788457,0.008462357101170654,5825.8,-4.772127527010906,-4.766547142924329,0.008509712311314092,-0.005580384086576906,0.008511236230662383,-0.005742894236167356,-4.767861005095252,0.8498539063883686,-0.004266521915654131,0.0017990074441687344,27404.0,-6.320520186074146,-6.310838567968309,0.0018165093338089776,-0.009681618105836343,0.0018167227259528354,-0.009751230350690795,-6.314009028907161,0.1810759281895113,-0.0065111571669849155,0.0003874659100733277,127237.0,-7.855882687045128,-7.845166161706311,0.00039164052705853685,-0.010716525338816396,0.0003916003897051695,-0.010557904794105444,-7.848566910634309,0.03903109180705729,-0.007315776410818486,0.0003939619143512414,125139.0,-7.839256317421758,-7.829675133269243,0.00039775467656402274,-0.009581184152515299,0.00039774425766808577,-0.00950948566553716,-7.832695826906024,0.03965549943918948,-0.006560490515734152,0.00033418517790446235,147523.0,-8.003815293760594,-7.993836988841397,0.00033753647181898887,-0.009978304919196823,0.00033750068627608497,-0.009823708532878192,-7.997063619795248,0.03364491213736468,-0.00675167396534615
2018-01,49.4,3.899950424193877,3.9097030810397646,49.884138227820884,-0.009752656845887664,0.015800921187308085,3126.4,-4.1476870376545865,-4.144992378567173,0.0158435567014641,-0.002694659087413065,0.015842602274973538,-0.0026309495714158266,-4.145672318611841,1.5832787694367287,-0.0020147190427453054,0.008486805937328201,5820.8,-4.769242564129926,-4.764951993411868,0.008523297407007446,-0.004290570718057829,0.008524107960962084,-0.0043760618477282145,-4.766105457753438,0.8513471755234746,-0.003137106376487786,0.001804895871392035,27370.0,-6.317252377840848,-6.309646867445543,0.001818675359302204,-0.007605510395305437,0.0018188004804227979,-0.007644933669431701,-6.3126028527856715,0.1813307319433991,-0.004649525055176795,0.0003879317114541942,127342.0,-7.8546812352377815,-7.8442022550742765,0.00039201821395815295,-0.010478980163505014,0.0003919630455080864,-0.010284985026245306,-7.847701281555695,0.039064892882581845,-0.006979953682086482,0.0003942978465271459,125286.0,-7.83840397860424,-7.828968303841734,0.00039803592065843933,-0.009435674762506174,0.0003980172475490141,-0.009344823735082351,-7.832005328558214,0.0396828909518426,-0.0063986500460258,0.00033455234999322766,147660.0,-8.00271718841928,-7.992895140872971,0.00033785452961677487,-0.009822047546309776,0.0003378062976052012,-0.009632584220725392,-7.996235752392346,0.033672777196092116,-0.006481436026934517
2018-02,49.5,3.901972669574645,3.9120547419591882,50.00158685173256,-0.010082072384543395,0.01581419123989649,3130.1,-4.146847562330989,-4.1436005654511066,0.015865623324231658,-0.003246996879882502,0.015863564557791476,-0.0031123722360833794,-4.14433131654585,1.5854033737685946,-0.002516245785138871,0.00850033486167637,5823.3,-4.76764972077051,-4.763356843899406,0.008536904190252426,-0.004292876871104134,0.008536979691261784,-0.004292481757093026,-4.764341799056194,0.8528499862069874,-0.0033079217143168194,0.0018034757897037927,27447.0,-6.318039481773001,-6.308455166922776,0.001820843967587795,-0.009584314850224374,0.0018208782348927601,-0.00955717128992556,-6.311179871354136,0.18158894588116986,-0.006859610418865181,0.00038789455537096825,127612.0,-7.85477701978348,-7.843238348442242,0.0003923962650881903,-0.011538671341238427,0.0003923257013110033,-0.0112945594061971,-7.846823457929711,0.03909920002410739,-0.007953561853769386,0.00039399848768257255,125635.0,-7.839163487042812,-7.828261474414224,0.00039831736361473096,-0.010902012628588587,0.00039829023742994233,-0.010775432948252176,-7.8313024155176505,0.039710794379072455,-0.007861071525161911,0.0003343374714631148,148054.0,-8.003359681489474,-7.991953292904545,0.0003381728871177668,-0.011406388584929594,0.00033811190893431745,-0.011163278699940427,-7.995396620377219,0.03370104496000973,-0.007963061112254977
2018-03,50.2,3.9160150266976834,3.9144064028786114,50.11931200000143,0.0016086238190720081,0.01600459095836256,3136.6,-4.134879663002641,-4.142208752335041,0.01588772068099723,0.007329089332399619,0.01588452684060942,0.007558558020512862,-4.14298918732974,1.5875326184970087,0.008109524327099216,0.008597951563731032,5838.6,-4.756231294358315,-4.761761694386944,0.008550532695671516,0.0055304000286291455,0.008549851421561484,0.005625845385832783,-4.762570572540459,0.854361915305682,0.006339278182143637,0.0018241941931029472,27519.0,-6.306616927480082,-6.30726346640001,0.0018230151617455,0.0006465389199279414,0.0018229559893627226,0.0006792285427896672,-6.309740906981847,0.1818504339956144,0.0031239795017645733,0.00039281354658987763,127796.0,-7.842175494833529,-7.842274441810206,0.0003927746807999026,9.89469766770057e-05,0.0003926883571139202,0.0003188010891831402,-7.845934044105832,0.03913399086254431,0.0037585492723026803,0.0003988780561448674,125853.0,-7.8268548114839245,-7.827554644986715,0.000398599005573508,0.000699833502790348,0.00039856322731087065,0.0007899093855721439,-7.830587637008749,0.03973918894817098,0.00373282552482479,0.0003385486916644187,148280.0,-7.990842630566985,-7.9910114449361185,0.00033849154460437257,0.00016881436913340764,0.00033841752026343366,0.00038760227568281443,-7.994546722105618,0.033729699594909915,0.0037040915386326034
2018-04,49.8,3.9080149840306073,3.916758063798035,50.2373143236843,-0.00874307976742772,0.01589581537872259,3132.9,-4.141699388123006,-4.140816939218974,0.0159098488145666,-0.000882448904031996,0.015905489123427357,-0.0006082016484811998,-4.141646139898403,1.5896661825205802,-5.324822460295309e-05,0.008562144318553032,5816.3,-4.760404615695641,-4.760166544874483,0.008564182957942475,-0.00023807082115823164,0.008562723151861185,-6.759920855632378e-05,-4.760792347267264,0.8558825148395054,0.0003877315716227514,0.0018097903114438346,27517.0,-6.314544290446566,-6.306071765877244,0.001825188944858741,-0.00847252456932246,0.001825033743832685,-0.008352411258346442,-6.308286834967191,0.1821150499612518,-0.0062574554793748405,0.00038939409340766744,127891.0,-7.85091863358583,-7.841310535178171,0.00039315346144488126,-0.009608098407658971,0.0003930510129168371,-0.009303931014021804,-7.845033705803609,0.03916924055938164,-0.005884927782220828,0.00039531339302724324,125976.0,-7.835831707569638,-7.826847815559205,0.00039888084667548174,-0.008983892010433259,0.0003988362171917989,-0.008832758943908925,-7.829861602912345,0.03976805143061613,-0.005970104657293085,0.00033553429456946503,148420.0,-7.999786387493518,-7.990069596967691,0.0003388105023592663,-0.009716790525826191,0.00033872313159254993,-0.009414287734327967,-7.993686617376665,0.03375872314889643,-0.0060997701168528096
2018-05,49.9,3.910021002757473,3.919109724717458,50.355594475370744,-0.009088721959985335,0.015910467748620986,3136.3,-4.1407780374026935,-4.139425126102907,0.015932007767805144,-0.0013529112997865411,0.015926451406245296,-0.0010035918998278618,-4.140302320613238,1.5918038425863448,-0.0004757167894551273,0.00857506186417377,5819.2,-4.758897071475252,-4.758571395362021,0.008577855011798446,-0.000325676113230422,0.008575594882160885,-6.215522006811925e-05,-4.759007643383456,0.8574113755638525,0.00011057190820462637,0.0018102666424814075,27565.0,-6.314281128266311,-6.304880065354477,0.0018273653200146173,-0.009401062911833513,0.0018271114983026472,-0.009219391283393592,-6.3068185065037765,0.18238265108782287,-0.007462621762534205,0.00038948165377500604,128119.0,-7.85069379575252,-7.840346628546135,0.0003935326073750582,-0.010347167206384178,0.00039341366871975395,-0.009994606841047164,-7.844123079741443,0.0392049253359481,-0.006570716011076172,0.0003951129516283563,126293.0,-7.836338880450549,-7.826140986131696,0.0003991628870614615,-0.010197894318853429,0.00039910920707272716,-0.010012937245125152,-7.829124894306605,0.03979735969083678,-0.0072139861439444175,0.00033548022750803404,148742.0,-7.999947537691521,-7.989127748999265,0.0003391297606653878,-0.010819788692256083,0.00033902874292166614,-0.010466709645476876,-7.99281683740853,0.03378809858327139,-0.007130700282990787
2018-06,50.3,3.9180050771056933,3.9214613856368814,50.47415310918688,-0.003456308531188057,0.016014518131745675,3140.9,-4.1342595849315575,-4.138033312986841,0.015954197583637926,0.0037737280552834207,0.015947413689063234,0.004207857398749336,-4.138957876246513,1.593945373557493,0.004698291314955583,0.008638455725767671,5822.8,-4.751531447584813,-4.756976245849559,0.008591548892027998,0.005444798264746531,0.008588466612460587,0.0058204934085157554,-4.7572169780441245,0.8589480878537205,0.0056855304593117495,0.0018263016483915473,27542.0,-6.305462314181378,-6.303688364831711,0.0018295442903039083,-0.0017739493496673475,0.0018291892527726094,-0.0015786252716525867,-6.305336821068043,0.18265308510526687,-0.00012549311333476254,0.0003921048939056142,128282.0,-7.843981167474778,-7.839382721914101,0.0003939121189427033,-0.0045984455606777885,0.00039377632452267087,-0.004244619376451238,-7.843202848046124,0.03924101955583033,-0.0007783194286545836,0.0003976976233020762,126478.0,-7.829818581875913,-7.825434156704187,0.0003994451268723572,-0.004384425171726214,0.00039938219695365547,-0.004217948782966759,-7.828378138335316,0.039827089705979035,-0.001440443540596803,0.00033767454350161117,148960.0,-7.9934280154052,-7.988185901030839,0.00033944931980594423,-0.005242114374361506,0.0003393343542507824,-0.0048913725603643736,-7.99193796048551,0.03381780721659279,-0.0014900549196905644
2018-07,50.1,3.914021008090819,3.923813046556305,50.59299088079892,-0.00979203846548593,0.015921441510153494,3146.7,-4.140088555544849,-4.136641499870774,0.01597641830504985,-0.0034470556740746616,0.015968375971881173,-0.0029392132180708986,-4.1376129572411475,1.5960905432002663,-0.002475598303701254,0.008582588138554836,5837.4,-4.758019763118618,-4.755381096337098,0.008605264633475232,-0.002638666781519916,0.008601338342760287,-0.0021799170615387784,-4.755420867551181,0.860492239845885,-0.0025988955674369763,0.001818841895080777,27545.0,-6.3095553018159976,-6.3024966643089435,0.0018317258588210809,-0.007058637507054044,0.001831267007242572,-0.006784981170224912,-6.303842735718392,0.18292618837278282,-0.005712566097605176,0.0003905032113238137,128296.0,-7.848074365097825,-7.838418815282066,0.00039429199650042716,-0.009655549815759557,0.00039413898032558773,-0.009224586207562162,-7.842273743544413,0.039277495506112224,-0.0058006215534121,0.00039578461732920435,126584.0,-7.8346403903079995,-7.824727327276677,0.0003997275662491784,-0.009913063031322444,0.00039965518683458373,-0.009684772355979455,-7.8276220178057425,0.039857215173946026,-0.007018372502257009,0.00033619648369346395,149020.0,-7.9978147960168995,-7.987244053062412,0.00033976918006440964,-0.010570742954487677,0.0003396399655798986,-0.010138623941252907,-7.991050619912736,0.0338478284465762,-0.006764176104163688
2018-08,50.6,3.92395157629342,3.926164707475728,50.71210844741673,-0.00221313118230837,0.016020262782966598,3158.5,-4.133900934045335,-4.135249686754707,0.015998669975085637,0.0013487527093722917,0.015989338254699115,0.0019340718030275601,-4.136267677787814,1.5982391759453916,0.002366743742478583,0.008638350177547117,5857.6,-4.751543666072552,-4.753785946824636,0.008619002271039905,0.0022422807520845467,0.008614210073059987,0.0028023584614711465,-4.753619784336704,0.8620434544892555,0.0020761182641519937,0.001833200492717919,27602.0,-6.301691936554565,-6.301304963786177,0.0018339100286642873,-0.00038697276838828287,0.0018333447617125342,-7.869168834362103e-05,-6.302337208481535,0.18320179614716012,0.000645271926969393,0.0003937589977043695,128505.0,-7.839771516772834,-7.83745490865003,0.0003946722404011805,-0.002316608122804098,0.00039450163612850465,-0.0018824723553066312,-7.841336505068624,0.03931432514251334,0.001564988295790215,0.00039902530577482675,126809.0,-7.826485720091011,-7.824020497849168,0.0004000102053330334,-0.002465222241842646,0.000399928176715512,-0.0022575827192278432,-7.82685722663968,0.03988770927933979,0.0003715065486691316,0.0003389671550205323,149277.0,-7.989607343122792,-7.986302205093986,0.00034008934172452434,-0.003305138028806276,0.00033994557690901483,-0.0028781721397257974,-7.990155460492678,0.03387814121441432,0.0005481173698864694
2018-09,51.0,3.9318256327243257,3.928516368395152,50.83150646779763,0.003309264329173889,0.0161397512579512,3159.9,-4.12647002778628,-4.133857873638641,0.016020952636849963,0.007387845852361075,0.016010300537517053,0.008085464737579614,-4.134922171179022,1.6003910646846702,0.008452143392741363,0.00871377802077638,5852.8,-4.742849825472221,-4.752190797312174,0.00863276183967746,0.009340971839953305,0.008627081803359688,0.010049309765780874,-4.751814220885976,0.8636013346461247,0.008964395413754822,0.0018493672263117816,27577.0,-6.2929117382323385,-6.300113263263411,0.0018360968029353785,0.007201525031072187,0.0018354225161824965,0.0075975477070472,-6.300821241462624,0.18347973464749545,0.007909503230285608,0.000396779087408099,128535.0,-7.832130887047003,-7.836491002017995,0.0003950528509982533,0.0043601149709919795,0.0003948642919314215,0.004849249516363018,-7.840391916208953,0.039351478560658404,0.008261029161949374,0.00040194193121276126,126884.0,-7.819202929498618,-7.823313668421658,0.0004002930442651316,0.004110738923039925,0.0004002011665964403,0.004349723992874654,-7.826084512913031,0.039918542971098744,0.006881583414412695,0.00034146145502751777,149358.0,-7.982275754935637,-7.985360357125559,0.00034040980507029695,0.0030846021899222364,0.0003402511882381311,0.003556980346354118,-7.989253179220522,0.03390872262120816,0.00697742428488457
2018-10,50.7,3.9259259105971376,3.930868029314575,50.95118560224983,-0.004942118717437438,0.0160179451535448,3165.2,-4.134045613137901,-4.1324660605225745,0.016043266333507587,-0.001579552615326385,0.016031262820334992,-0.0008307309872868156,-4.13357655244537,1.6025460304384582,-0.0004690606925308316,0.008653796917404886,5858.7,-4.749757104359709,-4.750595647799713,0.008646543374399148,0.0008385434400040026,0.00863995353365939,0.0016022521060519424,-4.750004653664849,0.8651654941124467,0.0002475493051399269,0.0018390220900286554,27569.0,-6.2985213214534905,-6.298921562740644,0.0018382861847399026,0.0004002412871537686,0.001837500270652459,0.0008282008990703825,-6.299295831787861,0.1837598299856069,0.0007745103343701487,0.0003940434924533288,128666.0,-7.839049267821148,-7.8355270953859595,0.00039543382864527777,-0.0035221724351881534,0.0003952269477343384,-0.002994368900688262,-7.839440748480063,0.03938892622383047,0.00039148065891492223,0.00039906177192871987,127048.0,-7.826394336193345,-7.822606838994149,0.0004005760831867808,-0.0037874971991955775,0.00040047415647736855,-0.003526780756771498,-7.825304621835135,0.03994968722959059,-0.0010897143582093705,0.00033906919820500645,149527.0,-7.989306346915851,-7.984418509157133,0.00034073057038600327,-0.004887837758717595,0.00034055679956724737,-0.004368144650558289,-7.988344468862147,0.033939549833075365,-0.0009618780537037352
2018-11,51.3,3.937690752176724,3.933219690233998,51.071146512636254,0.004471061942725729,0.016182454812151036,3170.1,-4.123827659938371,-4.131074247406508,0.01606561110828333,0.007246587468136667,0.01605222510315293,0.008112875826325566,-4.132230871400301,1.6047039978977748,0.008403211461930127,0.008747697974217311,5864.4,-4.738964701887386,-4.749000498287251,0.008660346910272135,0.010035796399865404,0.00865282526395909,0.01096436220125546,-4.748191489969456,0.8667356037796481,0.00922678808207067,0.0018561400969679426,27638.0,-6.289256164186706,-6.297729862217878,0.0018404781771871107,0.008473698031171928,0.0018395780251224212,0.009003190742300389,-6.297761915553327,0.18404191846681694,0.008505751366620906,0.0003984280344216968,128756.0,-7.82798366720517,-7.834563188753925,0.0003958151736962256,0.006579521548754741,0.00039558960353725534,0.007175190801429047,-7.838483709654109,0.03942664099991316,0.010500042448938984,0.0004034795192852199,127144.0,-7.815384829199932,-7.82190000956664,0.00040085932223938984,0.006515180366708506,0.0004007471463582968,0.006818196839959917,-7.824518245516694,0.03998111507299341,0.009133416316762677,0.00034287547538047145,149617.0,-7.978143222253304,-7.983476661188706,0.0003410516379561874,0.005333438935402057,0.0003408624108963636,0.00590579782268783,-7.987429968345286,0.03397060176527966,0.009286746091982323
2018-12,51.3,3.937690752176724,3.935571351153422,51.191389862378145,0.0021194010233021032,0.01614425981873112,3177.6,-4.12619072167413,-4.129682434290442,0.016087987004462238,0.0034917126163120926,0.01607318738597087,0.004421800794924079,-4.130885181476552,1.6068648855145993,0.004694459802422557,0.008737268794495351,5871.4,-4.7401576330604005,-4.747405348774789,0.008674172482419543,0.007247715714388647,0.00866569699425879,0.008259208726543097,-4.7463751351858265,0.8683113337488357,0.006217502125426044,0.0018600435097897027,27580.0,-6.287155399170569,-6.2965381616951115,0.001842672783389962,0.00938276252454262,0.0018416557795923835,0.009984346912748798,-6.2962204228789425,0.1843258365084834,0.009065023708373587,0.00039795514665384106,128909.0,-7.829171255880249,-7.83359928212189,0.00039619688650541094,0.004428026241640737,0.0003959522593401722,0.00505840607402148,-7.837521504482562,0.03946459577499209,0.008350248602313037,0.00040299140599223864,127298.0,-7.816595321326267,-7.82119318013913,0.0004011427615644675,0.004597858812863009,0.0004010201362392251,0.004915637831805967,-7.823726084476697,0.040012799102459876,0.007130763150430042,0.0003424360352181778,149809.0,-7.979425676190604,-7.98253481322028,0.0003413730080656605,0.003109137029675857,0.0003411680222254798,0.003716681840304447,-7.986510324019566,0.03400185700608401,0.007084647828961899
2019-01,51.2,3.9357395320454622,3.937923012072845,51.31191631645866,-0.002183480027382778,0.01609000345683668,3182.1,-4.129557103134072,-4.128290621174375,0.016110394065389666,-0.001266481959697252,0.01609414966878881,-0.0002576223060836925,-4.129539471267265,1.609028715613563,-1.763186680747708e-05,0.008711927854347457,5877.0,-4.743062174567188,-4.745810199262328,0.008688020126020568,0.0027480246951396836,0.00867856872455849,0.0038438515436960254,-4.744555923505636,0.8698924135926408,0.0014937489384472258,0.0018528570911591213,27633.0,-6.291026457610883,-6.295346461172345,0.0018448700064651266,0.004320003561462116,0.0018437335340623457,0.004948414143487118,-6.2946722182538295,0.18461143164390226,0.0036457606429465272,0.00039659178931061195,129100.0,-7.832603044789272,-7.832635375489854,0.00039657896742748965,3.2330700582505756e-05,0.00039631491514308906,0.0006986216186764445,-7.836554756698045,0.039502766533299566,0.003951711908773525,0.00040140491721023583,127552.0,-7.8205398715270045,-7.820486350711621,0.0004014264013036217,-5.352081538312348e-05,0.0004012931261201534,0.0002785771367760232,-7.822928768760241,0.040044714657739816,0.002388897233236875,0.00034119685459149673,150060.0,-7.983050961054258,-7.981592965251854,0.0003416946809995033,-0.0014579958024043549,0.00034147363355459606,-0.0008105427063816784,-7.985586110577621,0.03403329650554622,0.0025351495233634225
2019-02,51.4,3.9396381724611196,3.9402746729922686,51.43272654142669,-0.0006365005311490535,0.01613105699221692,3186.4,-4.127008859406315,-4.126898808058309,0.01613283233447129,-0.00011005134800612382,0.01611511195160675,0.000989446468510666,-4.128193693142897,1.6111955689854123,0.0011848337365822914,0.008737633019413184,5882.6,-4.740115947570918,-4.744215049749866,0.00870188987631059,0.004099102178948044,0.008691440454858191,0.005314719095748228,-4.742734141146007,0.8714786126625386,0.0026181935750893004,0.001862926316552499,27591.0,-6.285606739109688,-6.294154760649579,0.001847069849532992,0.008548021539890982,0.0018458112885323082,0.009272360683090085,-6.293118096220942,0.18489856339844365,0.007511357111254391,0.00039799608198409564,129147.0,-7.829068396989357,-7.831671468857819,0.00039696141681745857,0.0026030718684619814,0.000396677570946006,0.003323886034053401,-7.835584025602253,0.03954113171526815,0.006515628612895341,0.00040300450047827383,127542.0,-7.816562828640061,-7.8197795212841115,0.00040171024159856163,0.003216692644050667,0.0004015661160010817,0.0035819368713576167,-7.822126873391103,0.04007683920752473,0.005564044751042552,0.0003425136772241732,150067.0,-7.979198967558079,-7.980651117283427,0.0003420166570430645,0.0014521497253481286,0.0003417792448837123,0.0021488500295294374,-7.984657848046598,0.034064903006795426,0.005458880488518503
2019-03,51.4,3.9396381724611196,3.942626333911692,51.553821205400375,-0.0029881614505722354,0.016114873338349635,3189.6,-4.1280126236060255,-4.125506994942242,0.016155301855173304,-0.0025056286637834546,0.016136074234424688,-0.0013138819124805126,-4.1268477996099575,1.6133655266204243,-0.0011648239960679874,0.008738078642707784,5882.3,-4.7400649484123925,-4.742619900237404,0.008715781768581213,0.002554951825011642,0.008704312185157891,0.0038792792390270423,-4.740910062798224,0.8730697086311394,0.000845114385831458,0.001862858799652073,27592.0,-6.285642982155557,-6.292963060126812,0.0018492723157176654,0.007320077971255223,0.0018478890430022705,0.0081010040654179,-6.291558823192366,0.18518709563317926,0.0059158410368089775,0.000397402195763105,129340.0,-7.830561702539464,-7.830707562225784,0.0003973442350306583,0.00014585968631930513,0.0003970402267489229,0.0009116683645533766,-7.834609840005275,0.03957967088537767,0.004048137465810342,0.0004024239387438736,127726.0,-7.818004451028036,-7.8190726918566025,0.00040199428259109557,0.0010682408285660472,0.00040183910588200995,0.0014553906110755133,-7.821320954960213,0.04010915088943501,0.003316503932176751,0.00034199407831265175,150295.0,-7.98071713592686,-7.979709269315,0.0003423389364819622,-0.001007866611860031,0.00034208485621282854,-0.0002653666145347063,-7.983726036892301,0.03409665985678293,0.0030089009654403753
2019-04,51.3,3.937690752176724,3.944977994831115,51.67520097807098,-0.0072872426543910684,0.016055835498106474,3195.1,-4.131682913049649,-4.124115181826175,0.01617780267102239,-0.0075677312234736505,0.016157036517242627,-0.0062635879437514695,-4.125501734032716,1.6155386846978295,-0.006181179016932603,0.008710860558310126,5889.2,-4.7431846918145295,-4.741024750724943,0.008729695838180387,-0.0021599410895865034,0.008717183915457592,-0.0007253898975622604,-4.739083942951459,0.8746654951589472,-0.004100748863070436,0.001856946354883081,27626.0,-6.288821885083181,-6.291771359604045,0.0018514774081469822,0.002949474520863582,0.001849966797472233,0.00377280144723936,-6.289995107622183,0.18547690210641196,0.0011732225390019835,0.0003958363876264477,129599.0,-7.834509594644436,-7.829743655593749,0.00039772742242277065,-0.004765939050686896,0.00039740288255183976,-0.00394183080739912,-7.8336326784422905,0.0396183655208187,-0.0008769162021451393,0.00040086894008064264,127972.0,-7.821876016795759,-7.8183658624290935,0.0004022785244231329,-0.0035101543666655743,0.0004021120957629382,-0.0030915650023829507,-7.820511527126055,0.04014162949533994,-0.0013644896697044828,0.0003406578082355519,150591.0,-7.984632079429274,-7.978767421346574,0.00034266151960208273,-0.005864658082700203,0.00034239046754194476,-0.005060477643644063,-7.9827911354595456,0.034128551778513955,-0.00184094396972867
2019-05,51.4,3.9396381724611196,3.9473296557505386,51.79686653070649,-0.007691483289419043,0.016073550566014134,3197.8,-4.130580179890201,-4.122723368710109,0.01620033482560585,-0.007856811180091405,0.016177998800060565,-0.006456189998360029,-4.124155448763286,1.6177151253575022,-0.006424731126914551,0.008727248030426514,5889.6,-4.741305190163637,-4.739429601212481,0.008743632120512511,-0.0018755889511563595,0.008730055645757294,-0.0003216033716972191,-4.737256029573942,0.876265770054767,-0.004049160589695511,0.0018601621308627677,27632.0,-6.28709162792534,-6.290579659081279,0.0018536851299525013,0.0034880311559382093,0.0018520445519421952,0.004383036526880398,-6.288427612317555,0.18576786426091071,0.0013359843922149395,0.0003965315065111399,129624.0,-7.832755058479718,-7.828779748961714,0.00039811097934982153,-0.0039753095180037334,0.0003977655383547566,-0.0031024101502632965,-7.8326529882128515,0.039657198265350045,-0.00010207026686614995,0.00040138689323421,128056.0,-7.820584774765414,-7.817659033001584,0.00040256296723668346,-0.002925741763830203,0.0004023850856438665,-0.0024806893825581847,-7.819699077956805,0.0401742557806803,-0.0008856968086083938,0.00034126067269516256,150618.0,-7.982863936656987,-7.977825573378148,0.0003429844066895827,-0.005038363278838887,0.000342696078871061,-0.004188569010264425,-7.9818535788763185,0.034160564231307894,-0.0010103577806681585
2019-06,51.6,3.9435216724875173,3.949681316669962,51.91881853615527,-0.006159644182444524,0.016139121731515077,3197.2,-4.126509033264347,-4.121331555594042,0.01622289836257175,-0.005177477670304853,0.016198961082878507,-0.0036940240214959,-4.12280894384806,1.6198948539034974,-0.003700089416287078,0.008766862618505556,5885.8,-4.736776276795543,-4.737834451700019,0.008757590651038483,0.001058174904476239,0.008742927376056994,0.002737669137468787,-4.735426602275481,0.8778703018148087,-0.0013496745200614058,0.0018665219750406946,27645.0,-6.283678486284516,-6.289387958558512,0.0018558954842695214,0.005709472273996319,0.0018541223064121575,0.0066876217311312,-6.286856991032999,0.1860598644733531,0.0031785047484831352,0.00039748873396756927,129815.0,-7.830343966491487,-7.827815842329678,0.00039849490616818026,-0.002528124161808698,0.00039812819415767353,-0.0016061665551146906,-7.831671223382836,0.039696151426156775,0.001327256891348938,0.0004023893819111936,128234.0,-7.818090326427497,-7.816952203574075,0.00040284761117385644,-0.0011381228534226295,0.00040265807552479477,-0.0006672997014923278,-7.818884106049111,0.04020701001563185,0.000793779621614199,0.0003420888635489731,150838.0,-7.980440019714402,-7.976883725409721,0.0003433075980308882,-0.0035562943046816287,0.00034300169020017724,-0.0026612890760724962,-7.9809138164754225,0.03419268213440098,0.0004737967610202176
2019-07,52.5,3.960813169597578,3.9520329775893854,52.04105766884997,0.008780192008192689,0.01638986013986014,3203.2,-4.111092419523323,-4.119939742477976,0.01624549332562889,0.008847322954652626,0.016219923365696446,0.01047703927646746,-4.121462268906975,1.6220777952367347,0.010369849383652152,0.008914169284319552,5889.5,-4.720113213801261,-4.736239302187558,0.00877157146527581,0.016126088386297255,0.008755799106356694,0.01808746135437041,-4.733595971909408,0.8794788297075782,0.013482758108147586,0.0018979791041538628,27661.0,-6.266965588257606,-6.288196258035746,0.0018581084742370776,0.0212306697781397,0.0018562000608821198,0.02250783423198919,-6.285283887214511,0.18635278629443433,0.018318298956905288,0.0004041788241090744,129893.0,-7.813653144003273,-7.826851935697643,0.0003988792032345586,0.013198791694370549,0.00039849084996059045,0.014273788592753007,-7.8306878388057015,0.03973520720952096,0.017034694802428696,0.00040898998948311454,128365.0,-7.801819877812411,-7.816245374146566,0.00040313245637686246,0.014425496334154353,0.0004029310654057231,0.015037123214340772,-7.818067116833699,0.04023987213136779,0.016247239021287996,0.0003478272391792602,150937.0,-7.963804640596565,-7.9759418774412945,0.00034363109391269463,0.01213723684472967,0.00034330730152929345,0.013165865187930137,-7.979972305385629,0.03422489008351173,0.016167664789064062
2019-08,52.1,3.9531649487593215,3.9543846385088086,52.16358460481105,-0.0012196897494871628,0.016232552342971086,3209.6,-4.120736649008295,-4.11854792936191,0.016268119758546962,-0.002188719646385451,0.016240885648514385,-0.0005131065955175007,-4.120115502110041,1.6242638274607968,-0.0006211468982542101,0.008845951406693042,5889.7,-4.727795392803063,-4.734644152675096,0.008785574598798727,0.006848759872032595,0.008768670836656396,0.00881325932701032,-4.731764459743212,0.8810910818631357,0.003969066940148203,0.0018841313467380298,27652.0,-6.274288388305834,-6.287004557512979,0.0018603241029979483,0.012716169207145356,0.001858277815352082,0.01391262984057601,-6.28370891978259,0.18664651711121374,0.009420531476756366,0.000400365785247174,130131.0,-7.823131965605024,-7.825888029065608,0.00039926387090601393,0.0027560634605832135,0.0003988535057635073,0.003791566231245225,-7.829703279093728,0.03977434815882546,0.006571313488703545,0.00040530868807567836,128544.0,-7.810861588399687,-7.815538544719056,0.00040341750298801283,0.004676956319368486,0.00040320405528665134,0.005219770886309084,-7.817248609616453,0.040272822240239765,0.006387021216765376,0.00034464738140756374,151169.0,-7.972988746492425,-7.975000029472868,0.00034395489462196813,0.002011282980443063,0.0003436129128584097,0.0030105636617337936,-7.979029499079871,0.034257172741451763,0.006040752587446185
2019-09,52.2,3.955082494888593,3.956736299428232,52.28640002165066,-0.0016538045396385925,0.016241949033884068,3213.9,-4.120157937048029,-4.117156116245843,0.016290777705156648,-0.0030018208021864723,0.016261847931332323,-0.0012236553639095016,-4.118768641612997,1.6264529581426708,-0.0013892954350325226,0.008861275208800163,5890.8,-4.726064595963414,-4.733049003162634,0.008799600087238232,0.006984407199220222,0.008781542566956096,0.009079571298110082,-4.7299322830107515,0.8827068762008974,0.0038676870473377534,0.0018861107096401215,27676.0,-6.273238395730108,-6.285812856990213,0.0018625423736986597,0.012574461260104641,0.0018603555698220445,0.013844202815777099,-6.282132566312834,0.1869409700160355,0.008894170582725458,0.00040057092867995764,130314.0,-7.822619706811783,-7.824924122433573,0.00039964890953994646,0.002304415621789957,0.00039921616156642423,0.0033935678060167747,-7.828717857418646,0.03981356198151563,0.006098150606862696,0.00040555659146000375,128712.0,-7.810250134442278,-7.814831715291547,0.00040370275114971836,0.0045815808492690735,0.0004034770451675796,0.00515406345250804,-7.816428958338755,0.04030584544235154,0.006178823896477503,0.0003448617580021802,151365.0,-7.9723669226781455,-7.974058181504442,0.0003442790004459451,0.0016912588262965045,0.000343918524187526,0.0027426083456321753,-7.978085726280583,0.0342895189906198,0.005718803602437816
2019-10,52.7,3.9646154555473165,3.9590879603476554,52.40950459857634,0.005527495199661114,0.01637408730775206,3218.5,-4.112055235945354,-4.115764303129777,0.016313467209349633,0.0037090671844230982,0.016282810214150262,0.005605733433070084,-4.117421690364381,1.6286451870667566,0.005366454419027278,0.008938263229308007,5896.0,-4.717413978321856,-4.731453853650173,0.008813647966282208,0.014039875328316853,0.008794414297255797,0.01635685188234724,-4.728099628320374,0.8843260563436526,0.010685649998517732,0.001903351632476163,27688.0,-6.264138929767864,-6.284621156467447,0.0018647632894894892,0.020482226699582995,0.0018624333242920068,0.021970347958475793,-6.280555231691554,0.1872360711556157,0.016416301923690035,0.0004039645247092912,130457.0,-7.814183493984176,-7.823960215801538,0.00040003431949410203,0.009776721817361889,0.0003995788173693411,0.01097582541743267,-7.827731836247609,0.0398528383570105,0.013548342263432822,0.0004091932603463002,128790.0,-7.801322994339399,-7.814124885864037,0.00040398820100449195,0.012801891524637732,0.00040375003504850785,0.013481671393882073,-7.815608487659421,0.040338928776839804,0.014285493320022269,0.0003479466525815397,151460.0,-7.963461387120497,-7.973116333536015,0.0003446034116721329,0.009654946415517784,0.0003442241355166422,0.010814224456720431,-7.977141269099454,0.03432191927099827,0.013679881978957198
2019-11,52.2,3.955082494888593,3.9614396212670786,52.53289901639474,-0.0063571263784854,0.016236391912908245,3215.0,-4.120500141783126,-4.11437249001371,0.016336188315078777,-0.006127651769416431,0.016303772496968204,-0.004132821656612837,-4.116074662032605,1.6308404965162127,-0.004425479750521433,0.00885796707958595,5893.0,-4.7264379899493205,-4.729858704137711,0.008827718271675536,0.0034207141883904058,0.008807286027555497,0.005754446020248074,-4.726266652437156,0.8859484911655273,-0.0001713375121648042,0.0018853613609275113,27687.0,-6.273635773045093,-6.28342945594468,0.0018669868535244713,0.00979368289958682,0.0018645110787619693,0.011182707575750392,-6.278977252177202,0.18753175907362982,0.005341479132108695,0.00039955910719206394,130644.0,-7.825148850780587,-7.822996309169502,0.00040042010112657165,-0.0021525416110845796,0.000399941473172258,-0.0009560548376271451,-7.826745430994139,0.039892168800820714,0.0015965802135520235,0.0004047829525892151,128958.0,-7.812159554046738,-7.813418056436528,0.000404273852694946,0.0012585023897901948,0.00040402302492943616,0.0018809018617482421,-7.814787474561155,0.040372061164936836,0.0026279205144170703,0.0003441750677471039,151667.0,-7.974360112176167,-7.972174485567589,0.0003449281285883088,-0.0021856266085782394,0.0003445297468457584,-0.0010294585646136096,-7.9761963655216,0.0343543655021821,0.0018362533454334695
2019-12,52.2,3.955082494888593,3.9637912821865022,52.65658395751547,-0.008708787297909026,0.016236391912908245,3215.0,-4.120500141783126,-4.112980676897643,0.016358941066358122,-0.0075194648854832735,0.016324734779786142,-0.005411595843338708,-4.114727528878254,1.6330389362816036,-0.0057726129048720765,0.008849857588498577,5898.4,-4.727353911786848,-4.72826355462525,0.008841811039220125,0.0009096428384021138,0.008820157757855197,0.0033672675091246827,-4.724433429675174,0.8875741217216724,-0.002920482111673728,0.0018805389437279343,27758.0,-6.276196871027192,-6.282237755421914,0.0018692130689614013,0.006040884394721502,0.0018665888332319316,0.007473585102214839,-6.277398837359236,0.18782799571163694,0.0012019663320437246,0.00039903985811916157,130814.0,-7.8264492510280945,-7.8220324025374675,0.00040080625479579056,-0.004416848490627068,0.00040030412897517487,-0.0031582758320529395,-7.82575875253208,0.03993154896916846,-0.0006904984960147686,0.00040443797068212106,129068.0,-7.813012181353009,-7.812711227009019,0.0004045597063637945,-0.00030095434398980103,0.0004042960148103644,0.0003511186520678931,-7.813966085799091,0.04040523594510967,0.0009539044460824542,0.00034388711016245703,151794.0,-7.975197122582213,-7.9712326375991625,0.0003452531514825224,-0.003964484983050909,0.0003448353581748747,-0.0027498572577837614,-7.975251147977491,0.034386853202724964,5.4025395277434995e-05
2020-01,52.6,3.9627161197436642,3.9661429431059254,52.78056010595478,-0.0034268233622611888,0.016359790992784277,3215.2,-4.112928723391327,-4.111588863781577,0.016381725507263016,-0.001339859609750249,0.01634569706260408,0.000862240999953486,-4.113380297309136,1.6352405005656216,0.00045157391780836775,0.008920999966079849,5896.2,-4.719347234852772,-4.726668405112788,0.008855926304775077,0.007321170260015997,0.008833029488154898,0.009959264603714907,-4.722600035670553,0.8892028874234948,0.0032528008177807877,0.0018937893789378938,27775.0,-6.269175494764166,-6.2810460548991465,0.0018714419389618407,0.011870560134980224,0.0018686665877018938,0.013444234194231625,-6.275820155611997,0.18812475051915453,0.00664466084783033,0.0004014286586482691,131032.0,-7.820480727418551,-7.821068495905432,0.0004011927808605409,0.0005877684868806909,0.0004006667847780918,0.0019015149224293733,-7.824771899415983,0.03997097499334699,0.004291171997431675,0.000406963249516441,129250.0,-7.806787672627012,-7.812004397581509,0.0004048457621538527,0.005216724954497209,0.00040456900469129273,0.005918013484436913,-7.813144467851198,0.040438447253786376,0.006356795224186307,0.00034598206944636294,152031.0,-7.969123606658733,-7.970290789630736,0.0003455784806430941,0.0011671829720034665,0.0003451409695039909,0.002436975081749375,-7.974305734728973,0.03441937836175319,0.005182128070240211
2020-02,53.0,3.970291913552122,3.9684946040253486,52.904828147339394,0.0017973095267733719,0.016475488824644845,3216.9,-4.1058815283420875,-4.11019705066551,0.01640454168193023,0.004315522323422805,0.01636665934542202,0.006649461990132212,-4.1120330182748175,1.6374451105870553,0.006151489932729959,0.008993110937659077,5893.4,-4.7112964461246145,-4.725073255600326,0.008870064104256708,0.01377680947571136,0.008845901218454598,0.016641573941314873,-4.720766568593998,0.8908347071286882,0.00947012246938339,0.0019107361742014565,27738.0,-6.260266679664158,-6.27985435437638,0.0018736734666911174,0.01958767471222167,0.001870744342171856,0.021377497249662456,-6.274241366035386,0.18842199449548047,0.013974686371227563,0.00040379106478941913,131256.0,-7.814612980142597,-7.820104589273397,0.00040157967967994974,0.005491609130800157,0.00040102944058100865,0.006886337831979283,-7.8237849755283175,0.04001044277602642,0.009171995385720777,0.0004094687722117494,129436.0,-7.800649915914131,-7.811297568154,0.0004051320202080356,0.010647652239868854,0.000404841994572221,0.01142860103833188,-7.812322759835065,0.04047168950589686,0.011672843920933929,0.0003480133689664003,152293.0,-7.963269662357582,-7.969348941662309,0.00034590411635861644,0.006079279304727514,0.00034544658083310716,0.007430347485573172,-7.973360243621031,0.0344519369674457,0.01009058126344975
2020-03,51.9,3.949318790171843,3.970846264944772,53.029388768910344,-0.021527474772929267,0.016139565257953167,3215.7,-4.126481552193741,-4.1088052375494435,0.016427389634557962,-0.017676314644297086,0.016387621628239958,-0.01513681337744141,-4.110687255846858,1.6396502061292955,-0.015794296346882675,0.008832388829325572,5876.1,-4.729329765356964,-4.723478106087865,0.008884224473638678,-0.005851659269099585,0.0088587729487543,-0.0029783040587396726,-4.718950933991406,0.8924536066684227,-0.01037883136555795,0.00187642358725912,27659.0,-6.278387661103411,-6.278662653853614,0.0018759076553183374,0.00027499275020304026,0.0018728220966418184,0.0019230286868995373,-6.272702261647105,0.18871221889959286,-0.005685399456305973,0.0003992553387900794,129992.0,-7.8259093989107695,-7.819140682641362,0.00040196695161349115,-0.006768716269407449,0.00040139209638392556,-0.005323367383403605,-7.822825038761593,0.040048868711383405,-0.003084360149176568,0.0004052534590998532,128068.0,-7.810997861666587,-7.81059073872649,0.0004054184806693606,-0.0004071229400972598,0.00040511498445314925,0.00034181566226405076,-7.81153194084829,0.04050370794511112,0.0005340791817030066,0.00034394777825640343,150895.0,-7.975020719508961,-7.968407093693883,0.00034623005891795303,-0.006613625815077739,0.00034575219216222337,-0.005218806841211069,-7.97244206125619,0.03448358465535488,-0.0025786582527702606
2020-04,46.3,3.835141961092188,3.973197925864196,53.15424265952667,-0.13805596477200766,0.015379505065603719,3010.5,-4.174719495812314,-4.1074134244333775,0.016450269409405978,-0.06730607137893685,0.0164085839110579,-0.0627158840173085,-4.109341493418898,1.6418582712039604,-0.06537800239341607,0.008440280005833453,5485.6,-4.774739794877966,-4.721882956575403,0.008898407448952102,-0.0528568383025636,0.008871644679054,-0.04862285278839011,-4.717135299388815,0.8940754482081698,-0.057604495489151475,0.0018848721706562449,24564.0,-6.273895274357101,-6.277470953330847,0.0018781445080163842,0.0035756789737462213,0.0018748998511117808,0.00531885451830968,-6.271163157258823,0.18900289033328352,-0.0027321170982776977,0.0004137511952315845,111903.0,-7.7902457424999305,-7.818176776009326,0.0004023545970209862,0.027931033509395853,0.0004017547521868425,0.029860114857242263,-7.821865101994868,0.04008733155091854,0.03161935949493788,0.0004266612604476718,108517.0,-7.759520160624766,-7.809883909298981,0.00040570514368094493,0.050363748674215,0.00040538797433407756,0.05247636205425041,-7.810741121861517,0.04053575171512972,0.05122096123675046,0.0003549905693650039,130426.0,-7.943419334010722,-7.967465245725457,0.0003465563086102406,0.024045911714734913,0.00034605780349133964,0.025812930046779897,-7.971523878891349,0.034515261414957504,0.028104544880627635
2020-05,46.7,3.8437441646748516,3.975549586783619,53.27939050966926,-0.13180542210876744,0.01554749142723974,3003.7,-4.16385597637794,-4.106021611317311,0.016473181050795725,-0.057834365060629445,0.01642954619387584,-0.05368710469707843,-4.107995730990939,1.6440693098100263,-0.055860245387001406,0.008490600341805753,5500.2,-4.768795569520933,-4.720287807062941,0.008912613066285581,-0.0485077624579926,0.0088845164093537,-0.04433736732516235,-4.715319664786223,0.895700237094379,-0.05347590473470998,0.00186986986986987,24975.0,-6.2818864388419025,-6.276279252808081,0.0018803840279619252,-0.005607186033821598,0.0018769776055817433,-0.0037867983564302174,-6.269624052870542,0.18929400948510744,-0.012262385971360423,0.00041025731127724435,113831.0,-7.798726006636131,-7.8172128693772915,0.0004027426162626017,0.018486862741160515,0.00040211740798975934,0.020242603592263052,-7.820905165228144,0.04012583133007452,0.022179158592012804,0.0004182826229097065,111647.0,-7.779353222550414,-7.809177079871472,0.00040599200938600807,0.029823857321058078,0.0004056609642150058,0.03111381130576582,-7.809950302874742,0.04056782083599275,0.03059708032432784,0.00035102224894768494,133040.0,-7.9546609491919575,-7.9665233977570304,0.0003468828657248878,0.011862448565072903,0.00034636341482045585,0.013450710808022508,-7.9706056965265075,0.03454696727295897,0.01594474733454998
2020-06,47.3,3.856510295497887,3.977901247703042,53.40483301144476,-0.12139095220515506,0.015625516170592317,3027.1,-4.1588500489874045,-4.104629798201245,0.016496124603110326,-0.054220250786159774,0.016450508476693777,-0.05014995781256648,-4.106649968562978,1.6462833259518546,-0.052200080424426254,0.008536057171731755,5541.2,-4.763456067285837,-4.71869265755048,0.008926841361785343,-0.04476340973535731,0.0088973881396534,-0.040610903138111415,-4.713504030183632,0.8973279786832152,-0.04995203710220508,0.0018218233640180256,25963.0,-6.3079174310470165,-6.2750875522853145,0.0018826262183354152,-0.03282987876170207,0.0018790553600517056,-0.03045785518107631,-6.268084948482261,0.18958557704468007,-0.0398324825647558,0.000400905215158116,117983.0,-7.821785529774543,-7.816248962745256,0.0004031310096988533,-0.005536567029286843,0.0004024800637926762,-0.003912861222789489,-7.819945228461418,0.040164368084328085,-0.001840301313124293,0.0004068502223483773,116259.0,-7.80706544430983,-7.808470250443962,0.0004062790779278707,0.001404806134131853,0.0004059339540959341,0.002257185542618135,-7.809159483887967,0.040599915327756,0.002094039578136808,0.0003435727204712684,137671.0,-7.976111764279361,-7.965581549788603,0.00034720973055157655,-0.01053021449075775,0.00034666902614957206,-0.008931590204911265,-7.9696875141616665,0.03457870225608913,-0.006424250117694541
2020-07,47.2,3.8543938925915096,3.9802529086224654,53.53057085858928,-0.12585901603095584,0.015573445954863402,3030.8,-4.1621879974657086,-4.103237985085178,0.016519100110794774,-0.05895001238053066,0.016471470759511716,-0.054520013285986324,-4.105304206135019,1.6485003236391964,-0.05688379133068988,0.00854731809785955,5522.2,-4.762137718004024,-4.717097508038018,0.008941092371655333,-0.04504020996600655,0.008910259869953103,-0.0407330175988978,-4.7116883955810405,0.8989586783405773,-0.05044932242298383,0.0017993976592581297,26231.0,-6.320303303827867,-6.273895851762548,0.0018848710823211017,-0.04640745206531882,0.0018811331145216679,-0.04345011771499313,-6.266545844093979,0.18987759370267915,-0.05375745973388746,0.0003949228979977744,119517.0,-7.836820007058508,-7.815285056113221,0.0004035197776906028,-0.0215349509452869,0.0004028427195955931,-0.01965983549552359,-7.818985291694694,0.040202941849189974,-0.01783471536381409,0.00040087989740192456,117741.0,-7.821848683244975,-7.807763421016453,0.00040656634944995386,-0.014085262228522133,0.0004062069439768624,-0.013114119918248492,-7.808368664901193,0.040632035210491205,-0.013480018343781985,0.00033894653692865607,139255.0,-7.989668171196121,-7.964639701820177,0.00034753690338026075,-0.025028469375944162,0.00034697463747868833,-0.02313742758943111,-7.968769331796826,0.034610466391102476,-0.02089883939929571
2020-08,47.0,3.8501476017100584,3.982604569541889,53.65660474647233,-0.13245696783183059,0.015492122091106862,3033.8,-4.167423636447514,-4.101846171969111,0.016542107618355922,-0.06557746447840263,0.016492433042329654,-0.06065272168487109,-4.103958443707059,1.6507203068872056,-0.06346519274045459,0.008484826602639323,5539.3,-4.769475816257344,-4.715502358525556,0.008955366132157276,-0.05397345773178852,0.008923131600252803,-0.04912008667462244,-4.709872760978449,0.9005923414421156,-0.05960305527889531,0.0017660541840453913,26613.0,-6.339007495478638,-6.272704151239782,0.0018871186231070286,-0.06630334423885653,0.0018832108689916301,-0.06221113465056128,-6.265006739705699,0.1901700601508461,-0.07400075577293919,0.0003883174288428967,121035.0,-7.853687437240658,-7.814321149481186,0.00040390892059906125,-0.039366287759471597,0.00040320537539851003,-0.03692397835941242,-7.818025354927969,0.04024155266020513,-0.035662082312688526,0.0003955529746425295,118821.0,-7.835225836255826,-7.807056591588944,0.0004068538240957809,-0.028169244666881532,0.00040647993385779064,-0.02688191545288919,-7.807577845914419,0.040664180504285996,-0.02764799034140708,0.00033375703907797844,140821.0,-8.005097257601877,-7.963697853851751,0.0003478643845011684,-0.04139940375012596,0.0003472802488078046,-0.03894033644657491,-7.967851149431985,0.034642259704778036,-0.03724610816989227
2020-09,47.2,3.8543938925915096,3.9849562304613126,53.78293537210057,-0.1305623378698031,0.015515597777850828,3042.1,-4.165909452797216,-4.100454358853045,0.01656514717036262,-0.0654550939441707,0.016513395325147597,-0.06042352451753288,-4.1026126812790995,1.652943279716442,-0.0632967715181163,0.008480666954146902,5565.6,-4.769966182017922,-4.713907209013095,0.00896966267961078,-0.056058973004827095,0.008936003330552503,-0.05095526037336971,-4.7080571263758575,0.9022289733732494,-0.06190905564206428,0.0017647498691393106,26746.0,-6.339746315841232,-6.271512450717015,0.001889368843885042,-0.06823386512421692,0.0018852886234615924,-0.06393649907087422,-6.263467635317418,0.19046297708198817,-0.07627868052381448,0.0003872058015242127,121899.0,-7.856554219398758,-7.8133572428491505,0.00040429843878578785,-0.04319697654960741,0.0004035680312014269,-0.04054391927057172,-7.817065418161245,0.040280200552952575,-0.039488801237513194,0.00039385519146202053,119841.0,-7.839527250584001,-7.806349762161434,0.0004071415020089769,-0.033177488422566626,0.0004067529237387189,-0.031709009386207465,-7.806787026927644,0.04069635122924386,-0.03274022365635698,0.00033293362488537776,141770.0,-8.007567412520167,-7.962756005883325,0.00034819217420480064,-0.04481140663684258,0.0003475858601369208,-0.042154290297572096,-7.966932967067144,0.03467408222391946,-0.04063444545302364
2020-10,48.7,3.885679030088544,3.987307891380736,53.90956343412169,-0.10162886129219162,0.015977690288713913,3048.0,-4.136561886717993,-4.099062545736978,0.01658821881144582,-0.037499340981014484,0.016534357607965535,-0.03366730854928672,-4.10126691885114,1.6551692461528815,-0.03529496786685282,0.00873198020512085,5577.2,-4.740763107232322,-4.712312059500633,0.008983982050393467,-0.028451047731689272,0.008948875060852204,-0.024237108492014117,-4.706241491773266,0.9038685795291848,-0.034521615459055965,0.001807251271013471,26947.0,-6.315948222798199,-6.270320750194248,0.001891621747850795,-0.04562747260395117,0.0018873663779315549,-0.04244809479221808,-6.261928530929136,0.1907563451899795,-0.05401969186906275,0.0003974958577177045,122517.0,-7.830326044760148,-7.812393336217116,0.0004046883326126895,-0.017932708543032305,0.00040393068700434376,-0.015930528414074264,-7.81610548139452,0.040318885563045526,-0.014220563365627825,0.00040363018523890433,120655.0,-7.815011482294078,-7.805642932733925,0.00040742938333326726,-0.009368549560152317,0.0004070259136196472,-0.008342781791323679,-7.80599620794087,0.04072854740548415,-0.00901527435320748,0.00034185034395619826,142460.0,-7.9811375074438,-7.9618141579148975,0.00034852027278193273,-0.01932334952890269,0.000347891471466037,-0.017364977314278694,-7.966014784702302,0.03470593397535503,-0.015122722741498507
2020-11,48.7,3.885679030088544,3.989659552300159,54.03648963282836,-0.1039805222116148,0.015922837992479975,3058.5,-4.140000848594076,-4.097670732620911,0.016611322586298598,-0.04233011597316416,0.016555319890783474,-0.038204148423348065,-4.09992115642318,1.657398210227919,-0.04007969217089524,0.008711518165393629,5590.3,-4.743109201883534,-4.710716909988171,0.008998324280940998,-0.032392291895363634,0.008961746791151904,-0.027921858493628746,-4.7044258571706745,0.9055111653149324,-0.038683344712859835,0.0017962525818825614,27112.0,-6.3220526831983435,-6.2691290496714815,0.0018938773382037469,-0.05292363352686191,0.0018894441324015172,-0.04932220483307314,-6.260389426540855,0.19105016516976292,-0.0616632566574884,0.00039677366791591984,122740.0,-7.832144545854544,-7.81142942958508,0.0004050786024420236,-0.020715116269464318,0.0004042933428072607,-0.018599551600644824,-7.815145544627795,0.04035760772613144,-0.016999001226749577,0.00040231309376290793,121050.0,-7.81827993227766,-7.8049361033064155,0.0004077174682124804,-0.01334382897124442,0.00040729890350057546,-0.012241156788826198,-7.8052053889540955,0.04076076905314227,-0.013074543323564392,0.00034119649975828997,142733.0,-7.983052001021029,-7.960872309946471,0.00034884868052361296,-0.022179691074557972,0.0003481970827951533,-0.020105231728727052,-7.965096602337461,0.03473781498593758,-0.017955398683568546
2020-12,48.4,3.879499813722586,3.9920112132195826,54.16371467016205,-0.11251139949699684,0.0157875852170793,3065.7,-4.148531393563687,-4.0962789195048455,0.016634458539676288,-0.05225247405884126,0.016576282173601412,-0.04757984620810535,-4.098575393995221,1.6596301759783796,-0.04995599956846597,0.008644246396742333,5599.1,-4.750861335799016,-4.70912176047571,0.009012689407747212,-0.04173957532330608,0.008974618521451604,-0.03681182926266989,-4.702610222568083,0.9071567361453255,-0.048251113230932674,0.0017821636350246705,27158.0,-6.329927127536154,-6.267937349148715,0.0018961356181471762,-0.06198977838743858,0.0018915218868714796,-0.057814954511409035,-6.258850322152574,0.19134443771735182,-0.07107680538357997,0.00039516333145549106,122481.0,-7.836211381173951,-7.810465522953045,0.0004054692486363953,-0.025745858220905582,0.0004046559986101776,-0.02345860975072612,-7.81418560786107,0.04039636707789188,-0.02202577331288058,0.00040043021427980474,120870.0,-7.8229710531309165,-7.8042292738789065,0.00040800575679054513,-0.018741779252009927,0.0004075718933815038,-0.01752250147194064,-7.804414569967321,0.04079301619236941,-0.018556483163595594,0.0003395347532059376,142548.0,-7.987934250354954,-7.959930461978045,0.00034917739772116486,-0.028003788376908645,0.0003485026941242695,-0.025732773575443527,-7.96417841997262,0.034769725282544725,-0.023755830382333976
2021-01,48.2,3.8753590210565547,3.994362874139006,54.29123924971681,-0.1190038530824511,0.015669191508728586,3076.1,-4.1560588187934755,-4.094887106388779,0.01665762671639659,-0.061171712404696876,0.01659724445641935,-0.0559160859579808,-4.097229631567261,1.6618651474465254,-0.05882918722621433,0.008595937438695985,5607.3,-4.756465578183687,-4.707526610963248,0.009027077467364222,-0.048938967220439444,0.008987490251751306,-0.04356642422827916,-4.7007945879654915,0.9088052974450376,-0.05567099021819555,0.0017719936767030624,27201.0,-6.3356499952576115,-6.266745648625949,0.00189839659088818,-0.06890434663166278,0.001893599641341442,-0.06421946961937149,-6.257311217764292,0.19163916352983157,-0.07833877749331908,0.0003924761827212768,122810.0,-7.843034703547875,-7.80950161632101,0.00040586027155876074,-0.0335330872268651,0.00040501865441309445,-0.03096763952759837,-7.8132256710943455,0.0404351636540428,-0.029809032453529838,0.0003979458727563944,121122.0,-7.829194560027928,-7.8035224444513975,0.00040829424921149304,-0.025672115576530707,0.00040784488326243203,-0.02427150839028179,-7.803623750980547,0.04082528884333276,-0.025570809047381182,0.0003373861671671462,142863.0,-7.994282387011929,-7.958988614009618,0.00034950642466618636,-0.03529377300231129,0.00034880830545338577,-0.03274617636008676,-7.963260237607779,0.03480166489207871,-0.03102214940415049
2021-02,47.7,3.8649313978942956,3.9967145350584294,54.41906407674334,-0.1317831371641338,0.015462413692502189,3084.9,-4.169343123008959,-4.093495293272712,0.016680827161339586,-0.07584782973624726,0.016618206739237293,-0.06954980551578757,-4.095883869139302,1.6641031286800607,-0.07345925386965746,0.008489357158112052,5618.8,-4.768941999062459,-4.705931461450786,0.009041488496402475,-0.06301053761167363,0.009000361982051007,-0.056776030226120544,-4.6989789533629,0.9104568546486003,-0.06996304569955925,0.001748726032921509,27277.0,-6.348867737341398,-6.265553948103182,0.0019006602596376798,-0.08331378923821564,0.0018956773958114042,-0.07751918296572599,-6.255772113376011,0.19193434330536127,-0.09309562396538684,0.00038657600635378595,123391.0,-7.858182056349915,-7.8085377096889745,0.0004062516715724258,-0.04964434666094064,0.00040538131021601137,-0.046389173324751516,-7.812265734327621,0.04047399749033442,-0.04591632202229423,0.0003921858813082729,121626.0,-7.843774643554044,-7.802815615023888,0.0004085829456194576,-0.04095902853015598,0.0004081178731433603,-0.03903772141214437,-7.802832931993772,0.040857587026215496,-0.040941711560271266,0.00033268238248012277,143380.0,-8.008322329512568,-7.958046766041192,0.0003498357616505493,-0.050275563471376294,0.000349113916782502,-0.04706639727747108,-7.962342055242937,0.03483363384146656,-0.04598027426963114
2021-03,48.4,3.879499813722586,3.9990661959778526,54.547189858152734,-0.11956638225526683,0.015646214521238766,3093.4,-4.157526274881453,-4.092103480156646,0.016704059919447862,-0.06542279472480761,0.01663916902205523,-0.0596757265642475,-4.094538106711341,1.666344123732143,-0.06298816817011232,0.008591156788611392,5633.7,-4.757021885159684,-4.704336311938325,0.009055922531530865,-0.05268557322135958,0.009013233712350707,-0.04682857864441577,-4.697163318760309,0.9121114132004211,-0.05985856639937559,0.0017649418371440031,27423.0,-6.339637542599342,-6.264362247580416,0.001902926627610425,-0.07527529501892616,0.0018977551502813664,-0.06998443035060242,-6.25423300898773,0.19222997774317546,-0.08540453361161227,0.0003901621107447743,124051.0,-7.848948236630488,-7.80757380305694,0.000406643449041046,-0.041374433573547975,0.00040574396601892823,-0.03840317189936234,-7.811305797560896,0.040512868622551296,-0.037642439069591305,0.0003954636075432232,122388.0,-7.835451791315933,-7.802108785596379,0.000408871846158673,-0.033343005719554064,0.0004083908630242886,-0.03165412513231618,-7.802042113006998,0.040889910761216716,-0.03340967830893504,0.0003355704697986577,144232.0,-7.9996785794994505,-7.9571049180727655,0.00035016540896640153,-0.04257366142668495,0.00034941952811161825,-0.03963447145557537,-7.961423872878096,0.0348656321576599,-0.03825470662135455
2021-04,48.6,3.883623530906448,4.001417856897276,54.67561730252051,-0.11779432599082762,0.015655703379183712,3104.3,-4.156919995210937,-4.090711667040579,0.016727325035726652,-0.06620832817035804,0.01666013130487317,-0.06028931629102213,-4.0931923442833815,1.668588136661384,-0.0637276509275555,0.008599639027497613,5651.4,-4.756035050150378,-4.702741162425863,0.009070379609476842,-0.053293887724515265,0.009026105442650407,-0.047248109149893525,-4.695347684157717,0.9137689785548022,-0.06068736599266078,0.0017745645744331252,27387.0,-6.3342001963267425,-6.2631705470576495,0.001905195698024999,-0.07102964926909294,0.0018998329047513287,-0.06593649894415324,-6.2526939045994485,0.1925260675435856,-0.08150629172729396,0.00039055280097075674,124439.0,-7.847947384071551,-7.806609896424904,0.0004070356043286286,-0.04133748764664702,0.00040610662182184514,-0.03829984544775954,-7.810345860794172,0.04055177708651233,-0.0376015232773792,0.00039610738911438213,122694.0,-7.833825198841422,-7.801401956168869,0.00040916095097347704,-0.03242324267255281,0.00040866385290521686,-0.030725653129265135,-7.801251294020224,0.04092226006855147,-0.03257390482119771,0.00033612980420093095,144587.0,-7.998013150577631,-7.956163070104339,0.00035049536690616575,-0.04185008047329131,0.00034972513944073446,-0.03887434361036953,-7.960505690513255,0.03489765986763523,-0.037507460064375664
2021-05,48.4,3.879499813722586,4.003769517816699,54.804347120090455,-0.1242697040941132,0.0155207798871216,3118.4,-4.16557551503071,-4.089319853924513,0.016750622555243806,-0.07625566110619708,0.01668109358769111,-0.06955861103888882,-4.091846581855422,1.6708351715318641,-0.07372893317528817,0.00853314527503526,5672.0,-4.763797254489377,-4.7011460129134015,0.009084859767026466,-0.0626512415759759,0.00903897717295011,-0.05596118766939609,-4.693532049555126,0.9154295561759571,-0.07026520493425181,0.0017644271080164778,27431.0,-6.339929225979104,-6.261978846534883,0.001907467474103823,-0.07795037944422045,0.0019019106592212912,-0.0722870711819366,-6.251154800211167,0.19282261340798187,-0.08877442576793637,0.00038750690546913156,124901.0,-7.855776888764156,-7.805645989792869,0.00040742813779953084,-0.050130898971286975,0.000406469277624762,-0.04665142779409724,-7.809385924027447,0.04059072291807086,-0.046390964736708895,0.00039306133056133053,123136.0,-7.841544900862738,-7.80069512674136,0.000409450260208308,-0.040849774121378246,0.00040893684278614517,-0.03882142806368951,-7.800460475033449,0.04095463496845093,-0.04108442582928884,0.00033364353910316066,145065.0,-8.005437383096588,-7.955221222135912,0.0003508256357625406,-0.050216160960675715,0.0003500307507698507,-0.04681649149581374,-7.959587508148414,0.03492971699839381,-0.04584987494817394
2021-06,48.5,3.8815637979434374,4.006121178736123,54.93338002277863,-0.12455738079268563,0.015472962194927421,3134.5,-4.168661152770586,-4.087928040808446,0.016773952523130006,-0.0807331119621395,0.016702055870509047,-0.07358936439386761,-4.090500819427462,1.6730852324131364,-0.07816033334312333,0.00850892120914402,5699.9,-4.76664011186566,-4.6995508634009395,0.009099363041024546,-0.06708924846472009,0.00905184890324981,-0.059979756612029395,-4.691716414952534,0.9170931515380296,-0.0749236969131255,0.001759094700953901,27571.0,-6.342955976726011,-6.260787146012117,0.00190974195907316,-0.08216883071389436,0.0019039884136912537,-0.07610010213058385,-6.249615695822886,0.19311961603883485,-0.09334028090312518,0.00038608194489774797,125621.0,-7.859460918549091,-7.804682083160834,0.00040782104981846207,-0.05477883538825701,0.0004068319334276789,-0.05100383432319628,-7.808425987260722,0.04062970615311466,-0.051034931288369556,0.0003917957169053793,123789.0,-7.844769984352843,-7.799988297313851,0.0004097397740077074,-0.044781687038992324,0.0004092098326670734,-0.042555467565858714,-7.7996696560466745,0.04098703548116213,-0.04510032830616861,0.0003326018378823207,145820.0,-8.008564465416983,-7.954279374167486,0.0003511562158284997,-0.054285091249496986,0.00035033636209896694,-0.05062142025564682,-7.958669325783573,0.03496180357696167,-0.04989513963340997
2021-07,48.5,3.8815637979434374,4.008472839655546,55.06271672417709,-0.12690904171210882,0.015416401780038143,3146.0,-4.172323285674786,-4.086536227692379,0.016797314984578742,-0.08578705798240627,0.01672301815332699,-0.07813280840270445,-4.089155056999503,1.675338323380234,-0.08316822867528284,0.008474132056680586,5723.3,-4.770737043151191,-4.6979557138884775,0.009113889468374693,-0.07278132926271308,0.00906472063354951,-0.06515243003552604,-4.689900780349943,0.9187597701251118,-0.080836262801248,0.0017539418486908723,27652.0,-6.3458895391217185,-6.259595445489349,0.0019120191561631226,-0.08629409363236906,0.001906066168161216,-0.07981061833603506,-6.248076591434605,0.19341707613969705,-0.0978129476871139,0.0003834871235302955,126471.0,-7.866204513912845,-7.803718176528799,0.0004082143407504836,-0.06248633738404674,0.0004071945892305958,-0.05822146543031463,-7.807466050493997,0.04066872682756589,-0.05873846341884814,0.00038886171756612653,124723.0,-7.8522867593796235,-7.799281467886341,0.0004100294925163189,-0.05300529149328259,0.0004094828225480017,-0.050358901146476884,-7.798878837059901,0.04101946162694815,-0.0534079223197228,0.0003304670146223137,146762.0,-8.015003708124393,-7.95333752619906,0.00035148710739729336,-0.06166618192533324,0.0003506419734280832,-0.05753720414166959,-7.957751143418731,0.03499391963038974,-0.05725256470566187
2021-08,48.8,3.8877303128591016,4.010824500574969,55.192357939558164,-0.12309418771586778,0.015452328931952756,3158.1,-4.1699955470662875,-4.085144414576313,0.01682070998484646,-0.08485113248997411,0.016743980436144928,-0.07714124542357367,-4.087809294571543,1.6775944485136771,-0.08218625249474432,0.008495821727019497,5744.0,-4.7681807978689585,-4.6963605643760165,0.009128439086039431,-0.07182023349294209,0.00907759236384921,-0.0640886496673466,-4.688085145747351,0.9204294174312615,-0.08009565212160741,0.0017615420712558205,27703.0,-6.341565676701053,-6.258403744966583,0.0019142990686076694,-0.08316193173446962,0.0019081439226311782,-0.07682955653219566,-6.246537487046323,0.19371499441520468,-0.09502818965472937,0.00038436092120601114,126964.0,-7.863928547831024,-7.802754269896764,0.0004086080109610077,-0.06117427793425989,0.0004075572450335127,-0.05691549864509013,-7.806506113727273,0.040707784977381305,-0.05742243410375103,0.00038984486091805264,125178.0,-7.849761690498828,-7.798574638458832,0.00041031941587888756,-0.05118705203999596,0.00040975581242892994,-0.048592236905317235,-7.798088018073126,0.04105191342608821,-0.051673672425701866,0.00033126518864466377,147314.0,-8.012591329202843,-7.9523956782306335,0.0003518183107624482,-0.06019565097220969,0.0003509475847571994,-0.05608357762642185,-7.95683296105389,0.035026065185753665,-0.055758368148953075
2021-09,50.6,3.92395157629342,4.013176161494393,55.322304385878155,-0.08922458520097276,0.01597070984439605,3168.3,-4.136998869127119,-4.0837526014602465,0.01684413756925267,-0.05324626766687235,0.016764942718962866,-0.04737462500652975,-4.086463532143584,1.6798536118994825,-0.050535336983535295,0.008787010506208214,5758.5,-4.734480726815542,-4.6947654148635545,0.009143011931040312,-0.039715311951987964,0.00909046409414891,-0.03338152868740935,-4.68626951114476,0.922102098960521,-0.04821121567078279,0.001818051164127623,27832.0,-6.309990140538358,-6.257212044443817,0.0019165816996446206,-0.052778096094541205,0.0019102216771011405,-0.04825121297617721,-6.244998382658043,0.19401337157107912,-0.06499175788031497,0.00039739884393063586,127328.0,-7.830570136933235,-7.801790363264728,0.00040900206081580026,-0.028779773668507147,0.00040791990083642956,-0.025791967698120494,-7.805546176960548,0.04074688063855215,-0.025023959972687138,0.0004026450437259786,125669.0,-7.817455168935499,-7.797867809031323,0.0004106095442402616,-0.01958735990417626,0.00041002880230985825,-0.018007902230974874,-7.797297199086351,0.04108439089887745,-0.02015796984914786,0.0003424217200939291,147771.0,-7.979467480854828,-7.951453830262206,0.0003521498262177677,-0.028013650592621175,0.00035125319608631563,-0.025142763370660674,-7.955914778689049,0.03505824027015408,-0.023552702165778427
2021-10,50.2,3.9160150266976834,4.015527822413816,55.45255678178142,-0.09951279571613236,0.01577574557682034,3182.1,-4.149281608481851,-4.08236078834418,0.016867597783179963,-0.0669208201376712,0.016785905001780805,-0.06017902668061681,-4.085117769715623,1.6821158176291688,-0.06416383876622778,0.008694296749164344,5773.9,-4.745088014358941,-4.6931702653510925,0.00915760804045797,-0.05191774900784818,0.00910333582444861,-0.04493287770244839,-4.684453876542168,0.9237778202269352,-0.060634137816772515,0.0017936258396455626,27988.0,-6.323516099168104,-6.25602034392105,0.0019188670525156551,-0.06749575524705342,0.0019122994315711028,-0.06205805951008446,-6.2434592782697615,0.1943122083141293,-0.0800568208983421,0.0003920894776305924,128032.0,-7.844020484959278,-7.800826456632693,0.0004093964906809787,-0.043194028326584366,0.0004082825566393465,-0.03966145196611505,-7.8045862401938235,0.040786013847104244,-0.039434244765454096,0.000396696827215615,126545.0,-7.832338228419974,-7.797160979603813,0.00041089987774539194,-0.03517724881616058,0.0004103017921907865,-0.03315843419188704,-7.7965063800995775,0.041116894065627074,-0.0358318483203961,0.00033788331583340064,148572.0,-7.992809941511008,-7.95051198229378,0.00035248165405733106,-0.0422979592172279,0.0003515588074154319,-0.03889958463157241,-7.954996596324208,0.03509044491071647,-0.03781334518679991
2021-11,52.3,3.9569963710708773,4.01787948333324,55.58311584760433,-0.06088311226236254,0.016368814747582235,3195.1,-4.112377294155496,-4.080968975228114,0.016891090672074144,-0.03140831892738216,0.016806867284598744,-0.026063901713433875,-4.0837720072876635,1.6843810697997625,-0.02860528686783237,0.009017085912311856,5800.1,-4.708634066694313,-4.691575115838631,0.009172227451432233,-0.017058950855681765,0.009116207554748313,-0.010873122605115337,-4.682638241939577,0.9254565867545692,-0.025995824754736496,0.0018578380874569285,28151.0,-6.2883417858446835,-6.254828643398284,0.0019211551304663178,-0.03351314244639969,0.0019143771860410652,-0.0295339387642096,-6.24192017388148,0.1946115053522523,-0.04642161196320327,0.00040669372774071135,128598.0,-7.80745016749431,-7.7998625500006575,0.0004097913009230149,-0.007587617493652665,0.00040864521244226334,-0.004775498750833182,-7.803626303427098,0.04082518463909804,-0.003823864067212135,0.0004112152472009057,127184.0,-7.7963937647420165,-7.796454150176304,0.0004111904165393306,6.03854342875465e-05,0.0004105747820717148,0.0015599232031718844,-7.795715561112803,0.04114942294666447,-0.0006782036292136695,0.00035046572405012395,149230.0,-7.956247647854637,-7.949570134325354,0.00035281379457549573,-0.006677513529282919,0.0003518644187445481,-0.003975095576343605,-7.954078413959367,0.03512267913459126,-0.0021692338952696844
2021-12,52.0,3.9512437185814275,4.020231144252663,55.71398230537913,-0.0689874256712355,0.016199881616249728,3209.9,-4.122751344409405,-4.079577162112047,0.016914616281444344,-0.043174182297358144,0.016827829567416686,-0.03731603940075779,-4.082426244859704,1.6866493725138103,-0.04032509954970109,0.008922290283282716,5828.1,-4.719202607131417,-4.689979966326169,0.009186870201162248,-0.029222640805247835,0.009129079285048013,-0.022651682092846376,-4.680822607336985,0.9271384040775271,-0.038379999794432074,0.0018399264029438822,28262.0,-6.298029706561264,-6.253636942875517,0.001923445936746023,-0.04439276368574685,0.0019164549405110275,-0.039932343802843995,-6.240381069493199,0.19491126339443576,-0.057648637068065334,0.0004027666973905365,129107.0,-7.817153078317067,-7.798898643368623,0.00041018649190873265,-0.018254434948444143,0.00040900786824518026,-0.015259292887007378,-7.8026663666603735,0.04086439305062852,-0.014486711656693352,0.00040703226513455547,127754.0,-7.806618100148938,-7.795747320748794,0.00041148116076723394,-0.010870779400144137,0.0004108477719526431,-0.009286911305259334,-7.794924742126028,0.04118197756233297,-0.01169335802291016,0.0003470924333849522,149816.0,-7.965919434858917,-7.948628286356927,0.0003531462480668965,-0.017291148501990428,0.0003521700300736644,-0.014418026109859785,-7.953160231594525,0.035154942968953815,-0.01275920326439195
2022-01,52.0,3.9512437185814275,4.022582805172086,55.845156878838154,-0.07133908659065868,0.01613003288045164,3223.8,-4.127072348381404,-4.07818534899598,0.01693817465686305,-0.048886999385423735,0.016848791850234624,-0.04265937737090473,-4.081080482431744,1.6889207298793822,-0.04599186594965943,0.008886458404538928,5851.6,-4.723226688522503,-4.6883848168137074,0.009201536326906517,-0.034841871708795935,0.009141951015347713,-0.02794727409716572,-4.679006972734394,0.9288232777399701,-0.04421971578810968,0.0018362878734373897,28318.0,-6.300009205263489,-6.252445242352751,0.00192573947460806,-0.047563962910738056,0.00191853269498099,-0.042868605658250306,-6.238841965104918,0.19521148315075934,-0.061167240158571445,0.000402261949887444,129269.0,-7.818407064919759,-7.797934736736588,0.00041058206400531054,-0.02047232818317113,0.00040937052404809717,-0.017364645823444765,-7.801706429893649,0.04090363911782542,-0.016700635026110078,0.00040638652047172096,127957.0,-7.808205830380684,-7.795040491321285,0.00041177211057435916,-0.013165339059399095,0.00041112076183357133,-0.011515451909399978,-7.794133923139254,0.04121455793299205,-0.014071907241429926,0.00034665280055464447,150006.0,-7.967186853696987,-7.947686438388501,0.0003534790148264447,-0.01950041530848612,0.0003524756414027806,-0.016519839002100734,-7.952242049229684,0.03518723644100439,-0.014944804467302397
2022-02,51.6,3.9435216724875173,4.024934466091509,55.97664029341766,-0.08141279360399212,0.01594314846284567,3236.5,-4.138726105498048,-4.076793535879914,0.016961765843966213,-0.06193256961813365,0.016869754133052563,-0.05492704060170115,-4.079734720003785,1.6911951460100814,-0.05899138549426297,0.008780736833148983,5876.5,-4.735194953085392,-4.686789667301246,0.009216225865983026,-0.04840528578414549,0.009154822745647414,-0.04086216881438658,-4.677191338131802,0.9305112132961346,-0.05800361495358963,0.0018087492989343804,28528.0,-6.315119667615405,-6.251253541829985,0.0019280357473095975,-0.06386612578542028,0.0019206104494509523,-0.05824249813310647,-6.237302860716636,0.19551216533239651,-0.07781680689876858,0.00039694750446181307,129992.0,-7.831706516595095,-7.796970830104552,0.00041097801758028135,-0.03473568649054304,0.00040973317985101403,-0.031204881659449832,-7.800746493126924,0.04094292287685317,-0.03096002346817084,0.00040064289208264424,128793.0,-7.82244007086189,-7.794333661893776,0.0004120632661060675,-0.028106408968113783,0.00041139375171449964,-0.02613277325445702,-7.79334310415248,0.04124716407901736,-0.02909696670941031,0.0003421183490800597,150825.0,-7.9803538308214454,-7.946744590420074,0.00035381209514933064,-0.03360924040137103,0.00035278125273189686,-0.030225255932011336,-7.951323866864843,0.035219559577968323,-0.029029963956602067
2022-03,51.7,3.9454577815143836,4.0272861270109335,56.10843327626197,-0.08182834549654983,0.01586911814358943,3257.9,-4.143380313499444,-4.075401722763847,0.016985389888453387,-0.06797859073559653,0.0168907164158705,-0.06048282660889259,-4.078388957575825,1.6934726250250498,-0.0649913559236186,0.008742411688114042,5913.7,-4.739569190523111,-4.685194517788784,0.009230938855769361,-0.054374672734327056,0.009167694475947116,-0.04638928456318761,-4.675375703529211,0.9322022163103506,-0.0641934869939007,0.0018081348581820726,28593.0,-6.3154594300913525,-6.250061841307218,0.0019303347581116875,-0.06539758878413426,0.0019226882039209145,-0.05957978288171463,-6.235763756328355,0.195813310651616,-0.07969567376299747,0.00039659404725375885,130360.0,-7.832597351437114,-7.796006923472517,0.00041137435300153127,-0.03659042796459655,0.0004100958356539309,-0.03292349550110001,-7.7997865563602,0.040982244363910916,-0.03281079507691409,0.0003999009916306988,129282.0,-7.824293562417905,-7.793626832466266,0.000412354627507823,-0.03066672995163877,0.0004116667415954279,-0.028580763943015064,-7.792552285165705,0.04127979602080057,-0.031741277252200106,0.00034167134785051054,151315.0,-7.981661254127849,-7.945802742451648,0.00035414548933102247,-0.03585851167620113,0.0003530868640610131,-0.03233061711559439,-7.950405684500002,0.03525191240709591,-0.031255569627846924
2022-04,51.9,3.949318790171843,4.029637787930357,56.240536556227234,-0.0803189977585137,0.015852168601099573,3274.0,-4.144448967759237,-4.074009909647781,0.017009046836087723,-0.07043905811145557,0.01691167869868844,-0.06264961134053687,-4.077043195147866,1.6957531710489768,-0.06740577261137126,0.008729584713975745,5945.3,-4.741037480253437,-4.683599368276322,0.009245675333702755,-0.057438111977115014,0.009180566206246816,-0.0491234943618407,-4.673560068926619,0.9338962923570602,-0.06747741132681817,0.00181500262283616,28595.0,-6.311668366177574,-6.248870140784451,0.001932636510279273,-0.06279822539312274,0.0019247659583908768,-0.05702684790127937,-6.234224651940074,0.19611491982178372,-0.07744371423749996,0.0003973875025841673,130603.0,-7.83059867629232,-7.7950430168404825,0.00041177107063730217,-0.035555659451837585,0.0004104584914568478,-0.031844849466476935,-7.798826619593475,0.04102160361523256,-0.031772056698844864,0.00040060515306358736,129554.0,-7.822534271451366,-7.792920003038757,0.0004126461949251913,-0.029614268412609057,0.0004119397314763562,-0.027515137644399352,-7.791761466178931,0.0413124537787495,-0.0307728052724352,0.0003422963534556103,151623.0,-7.97983366555058,-7.944860894483221,0.00035447919766726704,-0.034972771067359076,0.0003533924753901293,-0.03139886304106897,-7.949487502135161,0.0352842949556625,-0.030346163415418737
2022-05,52.2,3.955082494888593,4.03198944884978,56.37295086388582,-0.07690695396118663,0.015852288256551977,3292.9,-4.144441419580573,-4.0726180965317145,0.017032736732696167,-0.07182332304885897,0.016932640981506382,-0.0638029664796149,-4.075697432719906,1.6980367882121064,-0.0687439868606674,0.00874269348652587,5970.7,-4.73953695755579,-4.682004218763861,0.009260435337280201,-0.057532738791929106,0.009193437936546516,-0.04902893271610724,-4.671744434324028,0.9355934470208357,-0.06779252323176266,0.0018269634607307856,28572.0,-6.30510000138627,-6.2476784402616845,0.0019349410070811845,-0.05742156112458563,0.001926843712860839,-0.05183619795596108,-6.232685547551792,0.19641699355736447,-0.07241445383447775,0.00039892702386684094,130851.0,-7.826732055379052,-7.794079110208447,0.0004121681708561912,-0.03265294517060546,0.00041082114725976473,-0.02895207189858476,-7.797866682826751,0.04106100066708682,-0.028865372552301594,0.0004021602631761416,129799.0,-7.81865988417361,-7.792213173611247,0.00041293796850384244,-0.026446710562362696,0.00041221272135728447,-0.024386579210955273,-7.7909706471921565,0.041345137373288196,-0.027689236981453647,0.00034359284905610704,151924.0,-7.976053179898138,-7.943919046514795,0.0003548132204540889,-0.0321341333833427,0.00035369808671924555,-0.028570235583885807,-7.9485693197703196,0.035316707250968526,-0.027483860127818005
2022-06,52.3,3.9569963710708773,4.034341109769203,56.505676931530104,-0.0773447386983257,0.015821157394802915,3305.7,-4.1464071590909635,-4.071226283415648,0.017056459624169445,-0.07518087567531584,0.01695360326432432,-0.0667967659656414,-4.0743516702919464,1.7003234806502447,-0.07205548879901702,0.008734718418063997,5987.6,-4.740449571970204,-4.680409069251399,0.009275218904058583,-0.060040502718804234,0.009206309666846216,-0.05122478667869653,-4.669928799721436,0.9372936858963984,-0.0705207722487673,0.0018257348320882495,28646.0,-6.305772725268933,-6.246486739738918,0.0019372482517901553,-0.05928598553001496,0.0019289214673308016,-0.05349447190576369,-6.231146443163511,0.19671953257392338,-0.07462628210542199,0.0003985612168691225,131222.0,-7.827649453290867,-7.793115203576412,0.00041256565402714976,-0.03453424971445518,0.0004111838030626816,-0.03069816004312522,-7.796906746060025,0.04110043555577726,-0.030742707230841937,0.0004016403514161086,130216.0,-7.819953518000457,-7.791506344183738,0.0004132299483895482,-0.02844717381671824,0.0004124857112382127,-0.02629269215059155,-7.790179828205382,0.04137784682485678,-0.029773689795074887,0.00034327045511230126,152358.0,-7.97699192263057,-7.942977198546369,0.0003551475579877925,-0.034014724084201475,0.00035400369804836177,-0.030319578567210886,-7.947651137405479,0.03534914932033939,-0.029340785225091537
2022-07,52.5,3.960813169597578,4.036692770688626,56.63871549317661,-0.07587960109104808,0.015828509406657018,3316.8,-4.145942572083937,-4.069834470299582,0.017080215556462202,-0.07610810178435568,0.01697456554714226,-0.06751608088598088,-4.073005907863986,1.7026132525047686,-0.07293666421995137,0.008746792842624371,6002.2,-4.739068178073486,-4.678813919738937,0.009290026071654718,-0.060254258334548894,0.009219181397145917,-0.05123975049105642,-4.668113165118845,0.9389970145886363,-0.07095501295464146,0.0018291408264232457,28702.0,-6.303908916133299,-6.245295039216152,0.00193955824768282,-0.058613876917147145,0.001930999221800764,-0.052749060811391565,-6.22960733877523,0.1970225375881278,-0.07430157735806908,0.0003981314364582227,131866.0,-7.828728364840497,-7.792151296944376,0.0004129635205194867,-0.03657706789612103,0.0004115464588655985,-0.032596617267351614,-7.795946809293301,0.04113990831764224,-0.03278155554719664,0.00040148050716547114,130766.0,-7.820351575779782,-7.7907995147562294,0.0004135221347281843,-0.029552061023552234,0.00041275870111914104,-0.02732393992686417,-7.789389009218608,0.04141058215391153,-0.030962566561173688,0.0003429758544998432,153072.0,-7.977850508320371,-7.942035350577942,0.00035548221056496126,-0.03581515774242838,0.00035430930937747803,-0.03198746004599126,-7.946732955040638,0.03538162119112571,-0.0311175532797332
2022-08,52.0,3.9512437185814275,4.039044431608049,56.77206728457004,-0.08780071302662185,0.01562265284662761,3328.5,-4.159033312459331,-4.068442657183515,0.017104004575593128,-0.09059065527581645,0.016995527829960198,-0.08077860229280105,-4.071660145436026,1.704906107922628,-0.08737316702330489,0.00863027567092095,6025.3,-4.752478831068942,-4.677218770226476,0.00930485687774547,-0.07526006084246539,0.009232053127445617,-0.06518349149612944,-4.666297530516253,0.9407034387126235,-0.08618130055268836,0.0018088214832336163,28748.0,-6.315079760006906,-6.244103338693385,0.0019418709980397197,-0.07097642131352089,0.0019330769762707263,-0.06427860585087644,-6.228068234386949,0.19732600931774885,-0.08701152561995684,0.00039359052960633375,132117.0,-7.840199454035163,-7.791187390312341,0.0004133617707028653,-0.049012063722821964,0.00041190911466851537,-0.044472395511139705,-7.794986872526576,0.04117941898905509,-0.04521258150858731,0.0003967769503113173,131056.0,-7.832136273173956,-7.79009268532872,0.0004138145276657297,-0.0420435878452361,0.0004130316910000693,-0.03935470580815371,-7.788598190231833,0.04144334338092502,-0.04353808294212236,0.0003390670439874284,153362.0,-7.989312700263287,-7.941093502609515,0.0003558171784824582,-0.04821919765377203,0.00035461492070659425,-0.04384439517712801,-7.945814772675797,0.03541412289070316,-0.043497927587490715
2022-09,52.3,3.9569963710708773,4.0413960925274734,56.90573304318741,-0.08439972145659613,0.015701462067309133,3330.9,-4.154001445657452,-4.067050844067449,0.01712782672764495,-0.08695060159000345,0.017016490112778136,-0.07727962915698539,-4.070314383008067,1.7072020510563612,-0.08368706264938552,0.008671862046095175,6031.0,-4.74767174238011,-4.675623620714014,0.00931971136006788,-0.07204812166609553,0.009244924857745317,-0.061986746292484476,-4.664481895913662,0.9424129638936385,-0.083189846466448,0.0018210306406685236,28720.0,-6.308352652091283,-6.242911638170619,0.0019441865061453078,-0.06544101392066448,0.0019351547307406886,-0.05897414209792076,-6.226529129998668,0.19762994848166365,-0.08182352209261534,0.00039535252897110066,132287.0,-7.835732712677357,-7.790223483680306,0.000413760404947307,-0.045509228997051565,0.0004122717704714323,-0.04103904926836122,-7.7940269357598515,0.041218967606424045,-0.041705776917505766,0.0003983699584872605,131285.0,-7.828129440500424,-7.789385855901211,0.00041410712734826554,-0.038743584599213676,0.0004133046808809976,-0.03613489777541917,-7.787807371245059,0.041476130526385914,-0.04032206925536563,0.0003405346980765975,153582.0,-7.98499353425784,-7.940151654641089,0.00035615246203742545,-0.0448418796167509,0.0003549205320357105,-0.04053254929096522,-7.944896590310956,0.035446654446472624,-0.040096943946884345
2022-10,52.3,3.9569963710708773,4.043747753446897,57.03971350824191,-0.08675138237601931,0.015656338871426433,3340.5,-4.156879404294655,-4.065659030951382,0.017151682058764644,-0.0912203733432726,0.01703745239559608,-0.0810633827230321,-4.068968620580107,1.7095010860640982,-0.08791078371454741,0.008654068901611675,6043.4,-4.7497256753886665,-4.674028471201552,0.009334589556419207,-0.07569720418711423,0.00925779658804502,-0.06521289171690844,-4.66266626131107,0.9441255957671816,-0.08705941407759621,0.0018184346858593234,28761.0,-6.309779210674229,-6.2417199376478525,0.0019465047752879536,-0.06805927302637649,0.0019372324852106508,-0.061323460275553666,-6.224990025610387,0.1979343557998561,-0.08478918506384225,0.0003944460785422841,132591.0,-7.838028110056357,-7.789259577048271,0.00041415942362318855,-0.04876853300808648,0.00041263442627434915,-0.044078599782103725,-7.793066998993127,0.04125855420619232,-0.04496111106323042,0.00039727754736186435,131646.0,-7.830875409799128,-7.788679026473702,0.00041439993392197727,-0.04219638332542619,0.00041357767076192586,-0.03941248416538571,-7.787016552258285,0.04150894361079908,-0.043858857540842955,0.0003397449639142777,153939.0,-7.987315327958915,-7.939209806672663,0.0003564880615272857,-0.048105521286252007,0.00035522614336482673,-0.04358119395128366,-7.943978407946114,0.03547921588586013,-0.043336920012801095
2022-11,52.1,3.9531649487593215,4.04609941436632,57.17400942068732,-0.09293446560699836,0.015565248565965584,3347.2,-4.162714505671228,-4.064267217835315,0.017175570615163404,-0.09844728783591261,0.017058414678414017,-0.08753252518464737,-4.067622858152148,1.7118032171095674,-0.09509164751908017,0.008612424372665059,6049.4,-4.754549423793825,-4.672433321689091,0.00934949150465705,-0.08211610210473363,0.00927066831834472,-0.07100285794683574,-4.660850626708479,0.9458413399789956,-0.09369879708534601,0.0018113548656259778,28763.0,-6.313680169179402,-6.240528237125086,0.0019488258087599479,-0.0731519320543157,0.0019393102396806131,-0.06597983728261465,-6.223450921222105,0.19823923199341942,-0.09022924795729637,0.0003921450560368511,132859.0,-7.84387874571173,-7.788295670416236,0.000414558827101245,-0.05558307529549378,0.00041299708207726606,-0.05048952388606426,-7.7921070622264015,0.04129817882483816,-0.051771683485328346,0.0003951070429157535,131863.0,-7.836353835052163,-7.787972197046192,0.00041469294753315364,-0.04838163800597162,0.0004138506606428541,-0.045290776382923434,-7.78622573327151,0.04154178265468572,-0.05012810178065319,0.00033778088977062023,154242.0,-7.993113127805962,-7.938267958704236,0.0003568239772497421,-0.054845169101726654,0.00035553175469394294,-0.04992764974988921,-7.943060225581273,0.03551180723631683,-0.05005290222468961
2022-12,52.5,3.960813169597578,4.048451075285743,57.30862152322188,-0.08763790568816487,0.015642691138787915,3356.2,-4.157751490969483,-4.062875404719249,0.01719949244311679,-0.0948760862502338,0.017079376961231955,-0.0841181634262852,-4.066277095724188,1.714108448362105,-0.09147439524529499,0.008663652265751345,6059.8,-4.748618905620831,-4.670838172176629,0.009364417242699472,-0.077780733444202,0.00928354004864442,-0.06677278060362225,-4.659034992105887,0.9475602021850823,-0.08958391351494388,0.0018248809482429003,28769.0,-6.306240527915008,-6.239336536602319,0.0019511496098575088,-0.06690399131268965,0.0019413879941505756,-0.060012241890190096,-6.221911816833824,0.1985445777845572,-0.08432871108118434,0.00039492985293564526,132935.0,-7.836802396338376,-7.7873317637842,0.0004149586157525689,-0.04947063255417561,0.0004133597378801829,-0.04458558310262858,-7.791147125459677,0.04133784149887474,-0.04565527087869903,0.0003977965857687324,131977.0,-7.829569774364713,-7.787265367618683,0.0004149861683281859,-0.04230440674603031,0.0004141236505237824,-0.03942557913415363,-7.785434914284735,0.04157464767858316,-0.04413486007997758,0.00034015368467429474,154342.0,-7.986113028733581,-7.9373261107358095,0.0003571602095027774,-0.048786917997771795,0.0003558373660230592,-0.04407541997078555,-7.942142043216432,0.03554442852531918,-0.04397098551714951
2023-01,52.4,3.9589065913269965,4.050802736205167,57.44355056029253,-0.09189614487817055,0.015567439096850861,3366.0,-4.162573783423755,-4.061483591603182,0.01722344758896486,-0.10109019182057288,0.017100339244049894,-0.08964150507905327,-4.0649313332962285,1.7164167839966618,-0.09764245012752681,0.008627786742187242,6073.4,-4.752767267707005,-4.669243022664167,0.00937936680852504,-0.08352424504283817,0.009296411778944122,-0.07192291527697597,-4.657219357503296,0.9492821880517224,-0.09554791020370956,0.0018190023258235846,28807.0,-6.30946710081938,-6.238144836079552,0.0019534761818807795,-0.07132226473982772,0.0019434657486205379,-0.06404199450661623,-6.220372712445543,0.19885039389658568,-0.08909438837383732,0.0003930776328324844,133307.0,-7.84150342658932,-7.7863678571521655,0.0004153587899486095,-0.05513556943715425,0.00041372239368309984,-0.04990003240295653,-7.790187188692952,0.04137754226485039,-0.05131623789636741,0.00039609349015813503,132292.0,-7.833860288315852,-7.786558538191173,0.00041527959645357024,-0.047301750124678854,0.0004143966404047107,-0.04416819168393913,-7.784644095297962,0.04160753870304498,-0.04921619301789004,0.0003385537809479506,154776.0,-7.990827598031326,-7.936384262767383,0.00035749675858465604,-0.05444333526394285,0.0003561429773521755,-0.04938801976384796,-7.941223860851591,0.03557707978036886,-0.04960373717973532
2023-02,52.2,3.955082494888593,4.05315439712459,57.578797278098776,-0.09807190223599704,0.015464833797475855,3375.4,-4.169186619913791,-4.0600917784871156,0.017247436099112168,-0.10909484142667569,0.017121301526867833,-0.09674893738612939,-4.063585570868268,1.7187282281938123,-0.10560104904552325,0.008571850830090154,6089.7,-4.759271603518239,-4.667647873151706,0.009394340240172955,-0.09162373036653282,0.009309283509243822,-0.07921476216955059,-4.655403722900704,0.9510073032554939,-0.1038678806175346,0.001809672386895476,28845.0,-6.314609451802396,-6.236953135556786,0.0019558055281338436,-0.07765631624561031,0.0019455435030905003,-0.06983710000788612,-6.2188336080572615,0.1991566810539352,-0.09577584374513481,0.00039074196059644294,133592.0,-7.847463163163675,-7.78540395052013,0.00041575935006117593,-0.06205921264354508,0.0004140850494860167,-0.056372691838423965,-7.789227251926228,0.04141728115934852,-0.05823591123744709,0.0003938790293371967,132528.0,-7.8394667279494525,-7.785851708763664,0.0004155732320559048,-0.053615019185788704,0.00041466963028563894,-0.05013774684710077,-7.783853276311187,0.04164045574864112,-0.05561345163826559,0.0003366308539589594,155066.0,-7.996523616834563,-7.935442414798957,0.0003578336247939232,-0.06108120203560574,0.0003564485886812917,-0.055597736536563316,-7.94030567848675,0.035609761028992784,-0.05621793834781297
2023-03,51.8,3.9473901492654373,4.055506058044013,57.71436242459718,-0.10811590877857613,0.015315927973744124,3382.1,-4.178861948058734,-4.05869996537105,0.017271458020027896,-0.12016198268768452,0.017142263809685775,-0.10653994456144872,-4.062239808440308,1.7210427851397567,-0.11662213961842571,0.00849960619585193,6094.4,-4.767735446458902,-4.666052723639244,0.009409337575743169,-0.10168272281965773,0.009322155239543523,-0.08823593070006312,-4.653588088298113,0.9527355534832906,-0.11414735816078903,0.0017984237753011839,28803.0,-6.320844678100296,-6.23576143503402,0.0019581376519247234,-0.08508324306627646,0.0019476212575604626,-0.07660497731789981,-6.21729450366898,0.19946343998215188,-0.10355017443131587,0.00038747512828568435,133686.0,-7.855858896300024,-7.784440043888095,0.00041616029646243425,-0.07141885241192902,0.0004144477052889336,-0.06508077293960464,-7.788267315159503,0.04145705821898768,-0.06759158114052077,0.00039078413325889825,132554.0,-7.847355239287997,-7.785144879336155,0.00041586707528189264,-0.06221035995184199,0.00041494262016656726,-0.058221271408493175,-7.783062457324412,0.04167339883595769,-0.06429278196358457,0.00033390488223084555,155134.0,-8.004654389286147,-7.93450056683053,0.0003581708084294056,-0.07015382245561685,0.0003567542000104079,-0.06404778914696937,-7.939387496121908,0.03564247229874322,-0.06526689316423884
2023-04,52.6,3.9627161197436642,4.057857718963437,57.85024674950523,-0.09514159921977239,0.015569961223100375,3378.3,-4.162411783627426,-4.057308152254983,0.017295513398246,-0.10510363137244294,0.017163226092503713,-0.09283015097605801,-4.060894046012349,1.723360459026337,-0.10151773761507688,0.008634983173274234,6091.5,-4.751933516050798,-4.664457574126783,0.00942435885339642,-0.08747594192401476,0.009335026969843223,-0.07499108452824808,-4.651772453695521,0.9544669444323414,-0.10016106235527644,0.0018264523073717837,28799.0,-6.30537982355532,-6.234569734511253,0.001960472556565385,-0.07081008904406705,0.0019496990120304249,-0.06321319542050315,-6.215755399280699,0.1997706714078993,-0.08962442427462136,0.0003928334042823322,133899.0,-7.842124943647817,-7.78347613725606,0.00041656162952491047,-0.058648806391756736,0.0004148103610918505,-0.05298073257300333,-7.787307378392779,0.04149687348042158,-0.054817565255038225,0.00039628426992533886,132733.0,-7.833378750896452,-7.784438049908645,0.0004161611262783406,-0.04894070098780734,0.0004152156100474955,-0.04559399903098811,-7.7822716383376385,0.0417063679855971,-0.05110711255881384,0.0003385358004827031,155375.0,-7.990880709069348,-7.933558718862104,0.0003585083097902108,-0.057321990207244156,0.00035705981133952417,-0.051879293800462946,-7.938469313757067,0.035675213617197624,-0.052411395312280895
2023-05,52.6,3.9627161197436642,4.06020937988286,57.9864510043056,-0.09749326013919557,0.015536389413988659,3385.6,-4.164570302480262,-4.055916339138916,0.017319602280365196,-0.1086539633413457,0.017184188375321652,-0.09589041538321415,-4.059548283584389,1.725681254051038,-0.10502201889587237,0.008625071738952201,6098.5,-4.753081998539629,-4.662862424614321,0.009439404111354407,-0.09021957392530755,0.009347898700142923,-0.07732507426291112,-4.64995681909293,0.9562014818102278,-0.10312517944669874,0.0018244883801595562,28830.0,-6.306455670888783,-6.233378033988487,0.001962810245371744,-0.07307763690029656,0.0019517767665003872,-0.06521667258549455,-6.214216294892418,0.20007837605896048,-0.09223937599636578,0.0003920136534032896,134179.0,-7.844213888669933,-7.782512230624024,0.0004169633496214901,-0.06170165804590866,0.0004151730168947674,-0.05578243900505679,-7.786347441626054,0.04153672698033914,-0.057866447043879,0.00039568805338027426,132933.0,-7.834884401132335,-7.783731220481136,0.00041645538519215805,-0.051153180651199115,0.00041548859992842377,-0.047656052540456094,-7.781480819350864,0.04173936321817813,-0.05340358178147131,0.00033792682535093636,155655.0,-7.992681178963824,-7.9326168708936775,0.0003588461291757289,-0.060064308070146843,0.0003573654226686404,-0.05439417493876584,-7.937551131392226,0.03570798501195889,-0.05513004757159834
2023-06,51.1,3.933784497209659,4.062561040802283,58.12297594225027,-0.12877654359262403,0.015087988661863706,3386.8,-4.193856304558463,-4.05452452602285,0.017343724713049104,-0.13933177853561318,0.017205150658139594,-0.12305396438212984,-4.05820252115643,1.728005174416998,-0.1356537834020335,0.008375676118669071,6101.0,-4.782423473942194,-4.661267275101859,0.009454473387899816,-0.12115619884033446,0.009360770430442623,-0.1052364566670579,-4.648141184490338,0.9579391713349045,-0.13428228945185516,0.001774367165526581,28799.0,-6.334311446089326,-6.23218633346572,0.001965150721663669,-0.10212511262360557,0.0019538545209703494,-0.09186321372311233,-6.212677190504136,0.20038655466423938,-0.1216342555851897,0.0003803243548999323,134359.0,-7.874486103797596,-7.78154832399199,0.0004173654571254169,-0.0929377798056068,0.0004155356726976843,-0.08473717206794279,-7.785387504859329,0.041576618755464534,-0.08909859893826777,0.00038395647992305846,133088.0,-7.864981345332979,-7.783024391053626,0.0004167498521703598,-0.08195695427935323,0.0004157615898093521,-0.07649843243306312,-7.780690000364089,0.0417723845543358,-0.08429134496889024,0.000327816268924814,155880.0,-8.023057262242986,-7.931675022925251,0.00035918426688563205,-0.09138223931773481,0.00035767103399775665,-0.08346989897182984,-7.936632949027385,0.03574078651065523,-0.08642431321560107
2023-07,50.7,3.9259259105971376,4.064912701721707,58.259822318364726,-0.13898679112456946,0.014934165954814576,3394.9,-4.204103673880848,-4.053132712906783,0.01736788074302638,-0.15097096097406482,0.01722611294095753,-0.13305073489292665,-4.05685675872847,1.730332224333015,-0.14724691515237787,0.008294478527607363,6112.5,-4.7921652231859895,-4.659672125589398,0.009469566721376452,-0.13249309759659145,0.009373642160742324,-0.1151274621570895,-4.646325549887747,0.959680018734717,-0.14583967329824254,0.0017594392004441977,28816.0,-6.3427601568186,-6.230994632942954,0.0019674939887649894,-0.11176552387564609,0.0019559322754403117,-0.10046006063879703,-6.211138086115855,0.20069520795376264,-0.13162207070274512,0.0003768872237461252,134523.0,-7.883564556524896,-7.780584417359954,0.00041776795241029623,-0.10298013916494231,0.0004158983285006012,-0.09379961899611139,-7.784427568092604,0.04161654884255712,-0.09913698843229213,0.00038061348587901445,133206.0,-7.873726170521836,-7.782317561626117,0.00041704452736006316,-0.09140860889571911,0.00041603457969028034,-0.08513978294216637,-7.779899181377315,0.04180543201472145,-0.09382698914452092,0.0003249104413527041,156043.0,-8.03196097867817,-7.930733174956824,0.0003595227232198749,-0.10122780372134521,0.00035797664532687286,-0.09236972413095725,-7.935714766662543,0.03577361814094028,-0.09624621201562622
2023-08,51.1,3.933784497209659,4.06726436264113,58.39699088945199,-0.13347986543147128,0.015028969736184231,3400.1,-4.197775624726782,-4.051740899790717,0.017392070417090705,-0.14603472493606517,0.01724707522377547,-0.12860763108016904,-4.0555109963005105,1.7326624080135558,-0.14226462842627186,0.008354177906387431,6116.7,-4.7849935171813796,-4.658076976076936,0.009484684150189354,-0.1269165411044435,0.009386513891042026,-0.10998076566421527,-4.644509915285155,0.9614240297484207,-0.1404836018962241,0.001774367165526581,28799.0,-6.334311446089326,-6.229802932420187,0.001969840050003498,-0.10450851366913927,0.0019580100299102744,-0.09379056367352157,-6.209598981727574,0.20100433665868134,-0.12471246436175232,0.0003793136723650319,134717.0,-7.877147063609999,-7.779620510727919,0.0004181708358500921,-0.0975265528820799,0.00041626098430351804,-0.08875996870162078,-7.7834676313258795,0.041656517278411645,-0.09367943228411946,0.0003831906054561543,133354.0,-7.866978028201092,-7.781610732198608,0.00041733941090849047,-0.0853672960024836,0.00041630756957120865,-0.07954927206623796,-7.779108362390541,0.041838505620002846,-0.08786966581055111,0.0003270169780047485,156261.0,-8.025498467911026,-7.929791326988398,0.0003598614984786939,-0.09570714092262822,0.00035828225665598913,-0.0872643790486687,-7.934796584297702,0.03580647993049296,-0.09070188361332399
2023-09,51.2,3.9357395320454622,4.069616023560553,58.53448241409704,-0.13387649151509118,0.015003223348766338,3412.6,-4.199490211047702,-4.05034908667465,0.017416293782100994,-0.1491411243730516,0.01726803750659341,-0.13115643031017873,-4.054165233872551,1.7349957296787608,-0.14532497717515103,0.008357955565712795,6125.9,-4.784541431348531,-4.656481826564474,0.009499825712804852,-0.12805960478405698,0.009399385621341726,-0.11079767312283878,-4.642694280682564,0.9631712101252002,-0.1418471506659671,0.0017758046614872365,28832.0,-6.333501628362602,-6.22861123189742,0.0019721889087109504,-0.10489039646518172,0.0019600877843802367,-0.09401779061200004,-6.208059877339293,0.20131394151127266,-0.1254417510233088,0.00037967831161800803,134851.0,-7.876186212141933,-7.778656604095884,0.0004185741078191304,-0.09752960804604882,0.00041662364010643495,-0.08867794558894568,-7.782507694559155,0.04169652409985819,-0.09367851758277812,0.00038360967715349634,133469.0,-7.865884988074296,-7.780903902771098,0.00041763450296296837,-0.08498108530319737,0.0004165805594521369,-0.07914647371447674,-7.778317543403766,0.041871605390864014,-0.08756744467052968,0.00032733014953617573,156417.0,-8.024541264793115,-7.928849479019972,0.0003602005929626094,-0.09569178577314297,0.00035858786798510534,-0.08716892354603575,-7.933878401932861,0.035839371907017754,-0.09066286286025349
2023-10,51.2,3.9357395320454622,4.071967684479977,58.67229765267086,-0.13622815243451436,0.015002344116268168,3412.8,-4.199548815671624,-4.0489572735585835,0.017440550884981375,-0.15059154211304016,0.017288999789411348,-0.1322607265310769,-4.052819471444591,1.737332193554456,-0.14672934422703232,0.008355909521167217,6127.4,-4.784786263354194,-4.654886677052013,0.00951499144775068,-0.129899586302181,0.009412257351641426,-0.11223108240766391,-4.6408786460799725,0.9649215656246877,-0.14390761727422152,0.0017737744673479994,28865.0,-6.334645535449572,-6.227419531374654,0.001974540568223081,-0.107226004074918,0.001962165538850199,-0.09601181336239044,-6.206520772951012,0.2016240232449421,-0.12812476249855997,0.00037920308102503336,135020.0,-7.877438662550399,-7.7776926974638485,0.000418977768692098,-0.09974596508655065,0.00041698629590935187,-0.09061020770939714,-7.78154775779243,0.041736569343762166,-0.0958909047579688,0.00038328230388597355,133583.0,-7.866738754433841,-7.780197073343589,0.0004179298036709263,-0.08654168109025218,0.00041685354933306516,-0.08053486770306531,-7.777526724416992,0.04190473134800535,-0.0892120300168493,0.00032699775189045575,156576.0,-8.025557262043389,-7.9279076310515455,0.0003605400069724244,-0.09764963099184332,0.00035889347931422155,-0.08887240716859103,-7.93296021956802,0.0358722940982445,-0.0925970424753686
2023-11,50.8,3.927896354584436,4.074319345399401,58.81043736733473,-0.14642299081496457,0.01485466986373472,3419.8,-4.209440994230056,-4.0475654604425175,0.017464841772721344,-0.16187553378753883,0.01730996207222929,-0.14184272607007287,-4.051473709016631,1.7396718038721573,-0.1579672852134255,0.008284004370301518,6132.3,-4.7934288078896055,-4.653291527539551,0.009530181393616107,-0.14013728035005446,0.009425129081941127,-0.12107258178840681,-4.639063011477381,0.9666751020169829,-0.15436579641222448,0.001761625689218712,28837.0,-6.341518209212365,-6.2262278308518875,0.0019768950318796003,-0.11529037836047795,0.001964243293320161,-0.10315300797538404,-6.204981668562731,0.20193458259422448,-0.13653654064963483,0.00037596210775606864,135120.0,-7.886022196897246,-7.776728790831814,0.0004193818188440419,-0.10929340606543203,0.00041734895171226873,-0.09916604267580205,-7.780587821025705,0.041776653047024465,-0.10543437587154081,0.00038004892755878414,133667.0,-7.875210556798637,-7.779490243916079,0.00041822531317989964,-0.09572031288255722,0.0004171265392139934,-0.08888816263063952,-7.776735905430217,0.0419378835121437,-0.09847465136841915,0.00032418013694696335,156703.0,-8.03421121843921,-7.926965783083118,0.00036087974080922585,-0.10724543535609232,0.0003591990906433378,-0.09749176601102841,-7.932042037203179,0.03590524653192858,-0.10216918123603147
2023-12,49.9,3.910021002757473,4.076671006318824,58.9489023220442,-0.16665000356135096,0.014579985390796201,3422.5,-4.228105554405131,-4.046173647326451,0.017489166492375873,-0.18193190707868023,0.01733092435504723,-0.15873007739774023,-4.050127946588671,1.7420145648690761,-0.17797760781645966,0.008136577093660318,6132.8,-4.811385691868818,-4.651696378027089,0.009545395589051979,-0.1596893138417288,0.009438000812240829,-0.13789188457078744,-4.6372473768747895,0.9684318250826704,-0.17413831499402832,0.0017308959728051614,28829.0,-6.359116101182521,-6.225036130329121,0.0019792523030242,-0.13407997085340018,0.0019663210477901235,-0.11972870617926189,-6.203442564174449,0.20224562029478602,-0.15567353700807196,0.00036895457939917334,135247.0,-7.9048370125592236,-7.775764884199778,0.0004197862586503724,-0.1290721283594456,0.00041771160751518564,-0.11672413990611878,-7.77962788425898,0.04181677524658128,-0.12520912830024322,0.0003730394868651227,133766.0,-7.8938262810143645,-7.77878341448857,0.00041852103163752646,-0.1150428665257941,0.00041739952909492173,-0.1062771736374217,-7.775945086443443,0.04197106190401224,-0.11788119457092172,0.0003181241512970412,156857.0,-8.0530688384916,-7.926023935114692,0.0003612197947743835,-0.12704490337690721,0.0003595047019724541,-0.11510433785253667,-7.931123854838337,0.03593822923585084,-0.121944983653262
2024-01,50.2,3.9160150266976834,4.079022667238247,59.08769328255367,-0.1630076405405636,0.014674071908798597,3421.0,-4.221673158279921,-4.044781834210384,0.017513525091065435,-0.1768913240695369,0.017351886637865167,-0.15432412537914242,-4.048782184160712,1.7443604807881339,-0.17289097411920906,0.008194580476656874,6126.0,-4.804282260695037,-4.650101228514628,0.009560634072770845,-0.1541810321804089,0.009450872542540529,-0.13292868570904948,-4.635431742272198,0.9701917406128407,-0.16885051842283882,0.0017431160804194591,28799.0,-6.3520809166013015,-6.223844429806355,0.0019816123850045593,-0.1282364867949468,0.001968398802260086,-0.11444973527821739,-6.201903459786168,0.20255713708342607,-0.1501774568151335,0.00037075058529848376,135401.0,-7.8999809982597275,-7.774800977567743,0.0004201910884868602,-0.12518002069198442,0.0004180742633181025,-0.11319443020488279,-7.778667947492256,0.041856935979404396,-0.12131305076747179,0.00037492904729184717,133892.0,-7.888773757117549,-7.778076585061061,0.00041881695919155043,-0.11069717205648733,0.00041767251897585,-0.10233728517454667,-7.775154267456669,0.042004266544360506,-0.11361948966087976,0.0003196800652096388,157032.0,-8.04818985852,-7.925082087146266,0.0003615601691695518,-0.12310777137373474,0.0003598103133015703,-0.11153167824374405,-7.930205672473496,0.03597124223781759,-0.11798418604650429
2024-02,50.7,3.9259259105971376,4.08137432815767,59.22681101642042,-0.15544841756053263,0.014828897338403042,3419.0,-4.211177479042163,-4.043390021094318,0.01753791761597613,-0.16778745794784555,0.017372848920683106,-0.14643260837037397,-4.047436421732752,1.746709555877965,-0.16374105730941135,0.008283636957764889,6120.5,-4.793473160918429,-4.648506079002166,0.009575896883547081,-0.1449670819162634,0.00946374427284023,-0.1246977180545867,-4.6336161076696065,0.9719548544091081,-0.15985705324882282,0.0017580359929262458,28839.0,-6.343558006136789,-6.222652729283588,0.00198397528117235,-0.1209052768532004,0.001970476556730048,-0.10781176922822239,-6.200364355397887,0.20286913369807902,-0.143193650738902,0.0003738359103678634,135621.0,-7.891693599157236,-7.773837070935708,0.00042059630872963964,-0.11785652822152759,0.0004184369191210194,-0.1065895639582812,-7.777708010725531,0.04189713528250108,-0.1139855884317047,0.0003782819879576503,134027.0,-7.879870640576329,-7.7773697556335515,0.0004191130959898197,-0.10250088494277776,0.0004179455088567783,-0.09490117744684246,-7.774363448469894,0.04203749745395459,-0.105507192106435,0.0003224411401823987,157238.0,-8.039589949447947,-7.92414023917784,0.0003619008642966694,-0.11544971027010753,0.0003601159246306865,-0.10461849052336364,-7.929287490108655,0.03600428556566077,-0.11030245933929184
2024-03,50.2,3.9160150266976834,4.083725989077093,59.36625629300885,-0.16771096237940997,0.014674929840972873,3420.8,-4.221614694133042,-4.041998207978251,0.017562344114359824,-0.1796164861547913,0.017393811203501044,-0.15631314671168287,-4.0460906593047925,1.749061794392924,-0.17552403482824985,0.008192975584279933,6127.2,-4.8044781278977,-4.646910929489704,0.009591184060216943,-0.15756719840799605,0.00947661600313993,-0.13545345917094054,-4.631800473067015,0.9737211722836296,-0.17267765483068498,0.0017397331485011264,28855.0,-6.3540235404473835,-6.221461028760822,0.0019863409948832392,-0.13256251168656163,0.0019725543112000107,-0.11803029269052,-6.198825251009605,0.20318161087781575,-0.15519828943777814,0.0003695796215858058,135830.0,-7.903144356118853,-7.772873164303673,0.00042100191975520765,-0.1302711918151802,0.0004187995749239363,-0.11752627339000991,-7.776748073958807,0.041937373192914136,-0.12639628216004617,0.00037415219497652233,134170.0,-7.890847904886834,-7.7766629262060425,0.0004194094421802857,-0.11418497868079136,0.00041821849873770656,-0.10536670160260228,-7.77357262948312,0.04207075465357688,-0.1172752754037143,0.0003187989788271754,157466.0,-8.050949814230334,-7.923198391209413,0.0003622418804579596,-0.12775142302092135,0.0003604215359598028,-0.11548299138614584,-7.928369307743814,0.03603735924723785,-0.12258050648651952
2024-04,49.5,3.901972669574645,4.0860776499965175,59.50602988349487,-0.18410498042187262,0.01446649326358243,3421.7,-4.2359201130040365,-4.040606394862184,0.017586804633534146,-0.19531371814185228,0.017414773486318987,-0.16929764978296843,-4.044744896876833,1.751417200593096,-0.19117521612720356,0.008078335373317013,6127.5,-4.818569445827623,-4.645315779977243,0.00960649564167868,-0.17325366585038005,0.00948948773343963,-0.14870690597448294,-4.6299848384644235,0.9754907000591251,-0.18858460736319937,0.00171398891966759,28880.0,-6.368931923432118,-6.2202693282380555,0.0019887095294968964,-0.14866259519406277,0.001974632065669973,-0.1319958034379176,-6.197286146621324,0.2034945693628456,-0.17164577681079418,0.0003642410908100869,135899.0,-7.9176945721857885,-7.771909257671638,0.0004214079219404233,-0.14578531451415078,0.0004191622307268532,-0.13102597488693019,-7.775788137192082,0.04197764974772193,-0.14190643499370648,0.00036876177989019095,134233.0,-7.905359705355566,-7.7759560967785335,0.0004197059979110057,-0.12940360857703226,0.0004184914886186348,-0.11883087250494077,-7.772781810496346,0.042104038164026227,-0.13257789485922,0.0003142258617406208,157530.0,-8.06539852572537,-7.922256543240986,0.0003625832179559296,-0.14314198248438448,0.000360727147288919,-0.1289098585947391,-7.9274511253789735,0.0360704633104319,-0.1379474003463974
2024-05,49.4,3.899950424193877,4.088429310915941,59.64613256086987,-0.1884788867220637,0.01444655651411025,3419.5,-4.237299196344274,-4.039214581746118,0.017611299220882635,-0.19808461459815607,0.017435735769136925,-0.17143981158041147,-4.043399134448873,1.7537757787443022,-0.193900061895401,0.008086297490628733,6109.1,-4.817584317613124,-4.643720630464781,0.009621831666892663,-0.17386368714834344,0.00950235946373933,-0.1490221432386598,-4.628169203861832,0.9772634435688959,-0.18941511375129227,0.0017105263157894735,28880.0,-6.370954168812886,-6.219077627715288,0.001991080888376998,-0.15187654109759752,0.0019767098201399352,-0.13465987857115924,-6.195747042233043,0.203808009894518,-0.17520712657984294,0.0003632807042056728,135983.0,-7.9203347327111615,-7.770945351039602,0.00042181431566251046,-0.14938938167155946,0.00041952488652977006,-0.13406637872984947,-7.7748282004253575,0.04201796498403845,-0.145506532285804,0.00036789347473152714,134278.0,-7.907717132538354,-7.775249267351024,0.00042000276333014177,-0.13246786518733078,0.0004187644784995631,-0.121478793880291,-7.771990991509571,0.042137348006118035,-0.13572614102878333,0.0003134358661996853,157608.0,-8.067915792345042,-7.92131469527256,0.0003629248770933726,-0.14660109707248203,0.00036103275861803526,-0.13183538413672433,-7.926532943014132,0.036103597783151614,-0.1413828493309106
2024-06,49.5,3.901972669574645,4.090780971835364,59.78656509994538,-0.18880830226071899,0.014445384772521669,3426.7,-4.237380308345548,-4.037822768630051,0.01763582792385486,-0.19955753971549672,0.017456698051954864,-0.17250188268542443,-4.042053372020913,1.7561375331181104,-0.19532693632463527,0.00809895449860109,6111.9,-4.816020299881321,-4.642125480952319,0.009637192174881444,-0.17389481892900172,0.009515231194039032,-0.14884311968427963,-4.626353569259241,0.9790394086568441,-0.18966673062208006,0.0017157117604242487,28851.0,-6.367927263805947,-6.217885927192522,0.001993455074891227,-0.150041336613425,0.0019787875746098975,-0.13294798166372768,-6.194207937844761,0.2041219332153243,-0.17371932596118533,0.0003637967148054239,136065.0,-7.918915322142509,-7.769981444407567,0.0004222211012990553,-0.14893387773494204,0.000419887542332687,-0.1335853576785114,-7.773868263658632,0.04205831893901337,-0.14504705848387722,0.0003684241864896246,134356.0,-7.906275602943317,-7.774542437923515,0.0004202997385859594,-0.1317331650198028,0.0004190374683804914,-0.12078462120935994,-7.771200172522796,0.042170684200684046,-0.13507543042052106,0.00031389707980595454,157695.0,-8.066445397103397,-7.920372847304133,0.00036326685817336706,-0.1460725497992641,0.0003613383699471515,-0.13129325332412276,-7.925614760649291,0.03613676269333125,-0.14083063645410654
2024-07,49.3,3.8979240810486444,4.093132632754787,59.92732827735709,-0.1952085517061426,0.014389539126120078,3426.1,-4.241253785967529,-4.0364309555139855,0.017660390789966424,-0.20482283045354333,0.017477660334772802,-0.1766896226097684,-4.040707609592953,1.758502467991836,-0.2005461763745755,0.008068211573710396,6110.4,-4.819823435422608,-4.640530331439858,0.00965257720472986,-0.1792931039827499,0.009528102924338732,-0.15321951937559028,-4.624537934656649,0.9808186011774914,-0.19528550076595863,0.0017100242802636143,28830.0,-6.371247709583804,-6.216694226669755,0.001995832092411287,-0.15455348291404825,0.0019808653290798598,-0.13672865330125952,-6.19266883345648,0.20443634006889946,-0.17857887612732348,0.0003622017162336899,136112.0,-7.923309274167021,-7.769017537775532,0.00042262827922800935,-0.15429173639148885,0.00042025019813560384,-0.1381283867549378,-7.7729083268919075,0.04209871164983192,-0.15040094727511377,0.00036695745377675885,134348.0,-7.910264646393678,-7.773835608496005,0.00042059692382683043,-0.13642903789767313,0.0004193104582614197,-0.12485499336632641,-7.770409353536023,0.04220404676857253,-0.1398552928576553,0.0003125237720921977,157748.0,-8.070830020986014,-7.919430999335707,0.0003636091614992761,-0.15139902165030694,0.00036164398127626774,-0.1358247661435462,-7.92469657828445,0.03616995806893081,-0.14613344270156414
2024-08,49.3,3.8979240810486444,4.09548429367421,60.06842287156925,-0.19756021262556578,0.01439542149677344,3424.7,-4.240845074570468,-4.035039142397919,0.01768498786679917,-0.2058059321725496,0.01749862261759074,-0.1773397363114605,-4.039361847164994,1.760870587648559,-0.20148322740547453,0.008073761095280206,6106.2,-4.819135846377296,-4.638935181927396,0.00966798679558518,-0.18020066444990057,0.009540974654638433,-0.15378025961372063,-4.622722300054058,0.9826010269959995,-0.19641354632323882,0.001711686688424415,28802.0,-6.370276027108684,-6.215502526146989,0.0019982119443128993,-0.15477350096169484,0.0019829430835498225,-0.1367948466981766,-6.1911297290682,0.20475123120002373,-0.1791462980404841,0.0003621564839233374,136129.0,-7.923434163511551,-7.768053631143497,0.00042303584982768835,-0.1553805323680546,0.00042061285393852076,-0.13897903848589388,-7.771948390125183,0.04213914315371515,-0.15148577338636837,0.0003670312162655132,134321.0,-7.910063655582748,-7.773128779068496,0.0004208943192012304,-0.1369348765142524,0.00041958344814234795,-0.12524858191976604,-7.769618534549248,0.042237435730648316,-0.14044512103350026,0.0003125059426840013,157757.0,-8.070887072379827,-7.918489151367281,0.00036395178737474976,-0.1523979210125468,0.00036194959260538395,-0.13660368993781036,-7.923778395919609,0.036203183937935944,-0.14710867646021875
2024-09,48.6,3.883623530906448,4.097835954593634,60.20984966287898,-0.21421242368718607,0.01420637240572932,3421.0,-4.254064654071157,-4.033647329281852,0.01770961920200116,-0.2204173247893051,0.017519584900408683,-0.18911478288518555,-4.038016084737034,1.7632418963771264,-0.21604856933412275,0.007967996852149392,6099.4,-4.83232215376149,-4.637340032414935,0.009683420986657126,-0.19498212134655546,0.009553846384938133,-0.16599068782274648,-4.620906665451466,0.9843866919881882,-0.2114154883100241,0.0016867386249262487,28813.0,-6.38495842226116,-6.2143108256242225,0.002000594633975812,-0.17064759663693785,0.0019850208380197843,-0.15026653996796113,-6.189590624679918,0.20506660735462506,-0.195367797581242,0.0003566239598467838,136278.0,-7.938828665093023,-7.767089724511462,0.0004234438134767721,-0.17173894058156147,0.0004209755097414376,-0.1528629300411761,-7.770988453358458,0.04217961348791984,-0.16784021173456498,0.0003614377189263961,134463.0,-7.9254208163357776,-7.772421949640987,0.0004211919248577406,-0.1529988666947908,0.0004198564380232762,-0.13913974827186396,-7.768827715562473,0.04227085110779265,-0.15659310077330435,0.0003077663508789706,157912.0,-8.086169663916376,-7.917547303398854,0.00036429473610372374,-0.16862236051752166,0.00036225520393450017,-0.15041565300848456,-7.922860213554768,0.03623644032835803,-0.16330945036160838
2024-10,48.5,3.8815637979434374,4.100187615513057,60.351609433420414,-0.21862381756962002,0.014180042686314065,3420.3,-4.255919747564346,-4.032255516165786,0.01773428484328683,-0.22366423139856018,0.01754054718322662,-0.19158492958110698,-4.0366703223090745,1.7656163984721602,-0.21924942525527147,0.007957603202730196,6094.8,-4.833627429651762,-4.635744882902473,0.009698879817218054,-0.1978825467492893,0.009566718115237835,-0.16819926051177847,-4.619091030848875,0.9861756020405557,-0.21453639880288744,0.001684378690004862,28794.0,-6.386358513142863,-6.213119125101456,0.0020029801647838026,-0.1732393880414067,0.001987098592489747,-0.15234266866728047,-6.188051520291637,0.20538246927977985,-0.19830699285122577,0.0003556657182247514,136364.0,-7.941519261993742,-7.766125817879426,0.00042385217055430696,-0.17539344411431568,0.00042133816554435453,-0.15586636267511295,-7.770028516591734,0.04222012268973854,-0.17149074540200804,0.0003607047501468849,134459.0,-7.927450800895903,-7.771715120213477,0.00042148974094504755,-0.15573568068242594,0.0004201294279042045,-0.14144374045340444,-7.768036896575699,0.0423042929209033,-0.15941390432020341,0.00030706891639494763,157945.0,-8.088438352198533,-7.916605455430427,0.00036463800799042053,-0.1718328967681062,0.00036256081526361643,-0.15305542279388598,-7.921942031189926,0.036269727268234186,-0.16649632100860767
2024-11,48.9,3.8897773964808264,4.102539276432481,60.4937029671693,-0.2127618799516542,0.014317503074310475,3415.4,-4.246272498972313,-4.030863703049719,0.0177589848384371,-0.21540879592259365,0.01756150946604456,-0.18472252615906506,-4.035324559881115,1.7679940982340663,-0.2109479390911977,0.008030215945479924,6089.5,-4.824543859046339,-4.634149733390011,0.009714363326602988,-0.1903941256563284,0.009579589845537535,-0.16173697674325346,-4.617275396246283,0.9879677630502974,-0.20726846280005606,0.0017005738132498695,28755.0,-6.376789547667029,-6.21192742457869,0.0020053685401246833,-0.16486212308833892,0.0019891763469597093,-0.14508644955031,-6.186512415903356,0.20569881772371526,-0.1902771317636729,0.0003583021314946841,136477.0,-7.9341339847604155,-7.765161911247391,0.00042426092143970316,-0.16897207351302423,0.00042170082134727145,-0.1503404466940282,-7.769068579825008,0.04226067079649965,-0.16506540493540722,0.00036336615270295375,134575.0,-7.9200995469483315,-7.771008290785968,0.00042178776761194175,-0.14909125616236363,0.0004204024177851328,-0.13567064000885504,-7.767246077588925,0.04233776119089467,-0.1528534693594068,0.00030933900138538324,158079.0,-8.081072790569928,-7.915663607462001,0.0003649816033393483,-0.1654091831079274,0.0003628664265927327,-0.14751275203375755,-7.921023848825085,0.03630304478562721,-0.16004894174484363
2024-12,49.0,3.8918202981106265,4.104890937351904,60.63613104994716,-0.21307063924127734,0.014347202295552367,3415.3,-4.244200317766478,-4.029471889933652,0.017783719235299415,-0.21472842783282609,0.0175824717488625,-0.1840053832885833,-4.033978797453155,1.7703749999690408,-0.21022152031332286,0.008043203493048373,6092.1,-4.822927830740155,-4.63255458387755,0.009729871554209749,-0.19037324686260515,0.009592461575837236,-0.16150787475566636,-4.615459761643692,0.989763180925326,-0.2074680690964632,0.0017007393009614384,28811.0,-6.376692239535643,-6.210735724055923,0.0020077597633903054,-0.1659565154797198,0.0019912541014296715,-0.14589539339035165,-6.1849733115150745,0.20601565343581102,-0.19171892802056867,0.0003583836167489486,136725.0,-7.933906590104347,-7.7641980046153565,0.00042467006651273817,-0.1697085854889906,0.0004220634771501883,-0.15087744817725526,-7.768108643058284,0.0423012578455673,-0.16579794704606332,0.0003635365428416687,134787.0,-7.9196307355300215,-7.770301461358458,0.00042208600500732047,-0.1493292741715635,0.00042067540766606103,-0.13582649183465004,-7.76645525860215,0.0423712559386976,-0.15317547692787148,0.0003095075671441926,158316.0,-8.08052801656115,-7.914721759493575,0.0003653255224553032,-0.16580625706757512,0.0003631720379218489,-0.14776597638060557,-7.920105666460244,0.03633639290862575,-0.1604223501009061
2025-01,48.9,3.8897773964808264,4.107242598271327,60.77889446942569,-0.21746520179050055,0.014384045181786093,3399.6,-4.241635660143645,-4.028080076817586,0.017808488081787845,-0.21355558332605895,0.017603434031680437,-0.18288413749842758,-4.032633035025196,1.7727591079890799,-0.20900262511844936,0.008051635848714865,6073.3,-4.821879997175747,-4.630959434365088,0.009745404539499078,-0.1909205628106596,0.009605333306136936,-0.16175362248277203,-4.6136441270411,0.9915618615842898,-0.20823587013464717,0.0016982114950512242,28795.0,-6.378179643459946,-6.209544023533157,0.0020101538379765664,-0.1686356199267891,0.001993331855899634,-0.14805380246893982,-6.183434207126793,0.2063329771666012,-0.1947454363331529,0.00035769408012639985,136709.0,-7.9358324616646,-7.763234097983321,0.0004250796061535556,-0.17259836368127957,0.0004224261329531052,-0.1532387505814926,-7.767148706291559,0.042341883874341645,-0.16868375537304114,0.0003629993096332148,134711.0,-7.921109625538105,-7.769594631930949,0.0004223844532801847,-0.15151499360715626,0.00042094839754698934,-0.13766316311325505,-7.765664439615376,0.0424047771852595,-0.15544518592272905,0.00030896959587535066,158268.0,-8.08226768113306,-7.913779911525149,0.0003656697656433681,-0.16848776960791056,0.0003634776492509651,-0.14996260014320462,-7.919187484095403,0.036369771665344254,-0.1630801970376563
2025-02,49.8,3.9080149840306073,4.109594259190751,60.921994015131126,-0.20157927516014373,0.014606675661406698,3409.4,-4.226276617686217,-4.026688263701519,0.017833291425883243,-0.19958835398469787,0.01762439631449838,-0.17122405779137012,-4.031287272597236,1.7751464266119863,-0.19498934508898103,0.008196316595072336,6075.9,-4.804070421353437,-4.629364284852626,0.009760962321994686,-0.17470613650081113,0.009618205036436636,-0.147833034955874,-4.611828492438509,0.9933638109565938,-0.1922419289149282,0.0017288064986461153,28806.0,-6.360323993728388,-6.20835232301039,0.002012550767283413,-0.1519716707179981,0.001995409610369596,-0.13360821273888707,-6.181895102738512,0.20665078966777575,-0.1784288909898759,0.0003641681901279707,136750.0,-7.91789473625362,-7.762270191351286,0.0004254895407426646,-0.15562454490233435,0.0004227887887560221,-0.1386522069341802,-7.766188769524835,0.04238254892025869,-0.15170596672878567,0.0003695705412204733,134751.0,-7.903168925863378,-7.76888780250344,0.0004226831125796419,-0.13428112335993792,0.0004212213874279176,-0.1226216135957322,-7.7648736206286015,0.04243832495154444,-0.1382953052347764,0.00031457267386772784,158310.0,-8.064295431037216,-7.9128380635567215,0.0003660143332089138,-0.15145736748049465,0.0003637832605800814,-0.13527446709307997,-7.918269301730561,0.036403181083923,-0.14602612930665515
2025-03,48.9,3.8897773964808264,4.111945920110174,61.065430478448455,-0.2221685236293478,0.014349433652209635,3407.8,-4.244044804300312,-4.025296450585453,0.01785812931563323,-0.2187483537148589,0.017645358597316318,-0.18678707643878428,-4.029941510169276,1.7775369601613793,-0.21410329413103657,0.008066644671725503,6062.0,-4.820017661136922,-4.627769135340165,0.00977654494128338,-0.19224852579675744,0.009631076766736336,-0.16243584522283583,-4.610012857835917,0.9951690349824176,-0.2100048033010049,0.001698388441233676,28792.0,-6.37807545327804,-6.207160622487623,0.002014950554714842,-0.1709148307904167,0.001997487364839559,-0.14973757975680954,-6.1803559983502305,0.20696909169218258,-0.1977194549278094,0.00035740911283603033,136818.0,-7.936629457981379,-7.76130628471925,0.00042589987066094274,-0.17532317326212876,0.000423151444558939,-0.15536359988427664,-7.76522883275811,0.04242325302079041,-0.17140062522326893,0.00036271121066919844,134818.0,-7.9219036032222965,-7.76818097307593,0.00042298198305490496,-0.15372263014636633,0.00042149437730884586,-0.13946370296791558,-7.764082801641827,0.04247189925853299,-0.15782080158046963,0.0003087569533454984,158377.0,-8.0829561493186,-7.911896215588295,0.00036635922545759787,-0.17105993373030426,0.0003640888719091976,-0.15197366036910567,-7.91735111936572,0.036436621192528044,-0.1656050299528795
2025-04,49.0,3.8918202981106265,4.114297581029597,61.20920465262606,-0.22247728291897095,0.014374138285077297,3408.9,-4.2423246394814464,-4.0239046374693865,0.017883001799152413,-0.2184200020120599,0.017666320880134256,-0.1863536056768341,-4.028595747741316,1.779930712966695,-0.21372889174013032,0.008076612437983155,6066.9,-4.8187827470849856,-4.626173985827703,0.009792152437015192,-0.19260876125728288,0.009643948497036038,-0.16252016065147867,-4.608197223233326,0.9969775396127365,-0.21058552385165985,0.001702393774102769,28783.0,-6.375719915953119,-6.205968921964857,0.002017353203678914,-0.169750993988262,0.001999565119309521,-0.14861798815002814,-6.178816893961949,0.20728788399382905,-0.1969030219911696,0.0003578470751478858,136930.0,-7.9354048272156525,-7.760342378087215,0.00042631059628963334,-0.17506244912843716,0.00042351410036185587,-0.15505274832139784,-7.7642688959913855,0.04246399621344478,-0.17113593122426707,0.0003631862552532298,134917.0,-7.920594755418995,-7.767474143648421,0.0004232810648552912,-0.15312061177057412,0.00042176736718977417,-0.13889436806566835,-7.763291982655053,0.04250550012722229,-0.15730277276394222,0.0003091775246868789,158485.0,-8.081594932486487,-7.910954367619869,0.00036670444269536683,-0.17064056486661805,0.0003643944832383139,-0.1515307203905255,-7.916432937000879,0.036470092019351384,-0.16516199548560806
2025-05,48.8,3.8877303128591016,4.116649241949021,61.353317332779945,-0.22891892908991895,0.014326815806470553,3406.2,-4.2456222665456345,-4.02251282435332,0.017907908924622355,-0.22310944219231477,0.017687283162952195,-0.1899934164858332,-4.0272499853133565,1.7823276893632056,-0.21837228123227792,0.00804258615290802,6067.7,-4.823004586703554,-4.624578836315241,0.009807784848903427,-0.19842575038831356,0.009656820227335739,-0.16716000054120053,-4.606381588630734,0.99878933080934,-0.21662299807282004,0.001696506170693551,28765.0,-6.379184336438293,-6.20477722144209,0.0020197587175877513,-0.17440711499620232,0.0020016428737794833,-0.15244312913310853,-6.177277789573668,0.20760716732788417,-0.20190654686462484,0.00035630841121495326,136960.0,-7.939713878516468,-7.759378471455181,0.0004267217180103486,-0.18033540706128726,0.00042387675616477273,-0.15940563847184339,-7.763308959224661,0.04250477853576576,-0.1764049192918069,0.00036165025159889426,134937.0,-7.924832968972021,-7.766767314220912,0.00042358035813022454,-0.158065654751109,0.0004220403570707024,-0.1430908311493332,-7.762501163668278,0.04253912757862624,-0.1623318053037428,0.00030789032038259156,158498.0,-8.085766941064229,-7.910012519651442,0.00036704998522845545,-0.17575442141278685,0.0003647000945674301,-0.15577120771580952,-7.915514754636038,0.03650359359261091,-0.17025218642819073
2025-06,48.2,3.8753590210565547,4.119000902868445,61.497769315898175,-0.24364188181188995,0.014172718986150726,3400.9,-4.25643636040163,-4.021121011237254,0.017932850740291727,-0.23531534916437646,0.017708245445770134,-0.19965424979265342,-4.025904222885397,1.7847278936920192,-0.23053213751623325,0.00795734072936787,6057.3,-4.833660414167883,-4.62298368680278,0.009823442216724784,-0.21067672736510357,0.009669691957635439,-0.17708436171179703,-4.604565954028143,1.000604414544852,-0.22909446013974044,0.001677046727671271,28741.0,-6.390720932682343,-6.203585520919324,0.0020221670998575455,-0.18713541176301884,0.0020037206282494456,-0.16303365647514134,-6.175738685185387,0.2079269424506798,-0.21498224749695627,0.0003519301396768376,136959.0,-7.952077868890489,-7.758414564823145,0.00042713323620506864,-0.19366330406734455,0.00042423941196768965,-0.1704444949031731,-7.7623490224579355,0.04254560002533344,-0.18972884643255394,0.00035732289535331973,134892.0,-7.936870716193242,-7.766060484793402,0.0004238798630292347,-0.17081023139984008,0.00042231334695163074,-0.15389154064731614,-7.761710344681504,0.042572781633775224,-0.1751603715117387,0.00030414316182687817,158478.0,-8.098012040347301,-7.909070671683016,0.0003673958533633862,-0.18894136866428557,0.00036500570589654635,-0.16674408943875105,-7.914596572271197,0.036537125940550426,-0.1834154680761042
2025-07,48.0,3.871201010907891,4.121352563787868,61.64256140084514,-0.2501515528799767,0.014120969639915274,3399.2,-4.2600943778927105,-4.019729198121187,0.017957827294476456,-0.2403651797715236,0.017729207728588076,-0.20351942082863483,-4.024558460457437,1.7871313303000897,-0.23553591743527313,0.007931786634939519,6051.6,-4.836876967962789,-4.621388537290318,0.009839124580319495,-0.2154884306724716,0.009682563687935141,-0.18081750964129054,-4.602750319425551,1.0024227968027504,-0.23412664853723797,0.0016699137211244085,28744.0,-6.394983317885464,-6.202393820396558,0.0020245783539085617,-0.19258949748890597,0.002005798382719408,-0.1674568413698768,-6.174199580797105,0.20824721011971298,-0.2207837370883583,0.0003502473621995534,137046.0,-7.956870903968798,-7.75745065819111,0.0004275451512561409,-0.1994202457776879,0.00042460206777060656,-0.17511621166014585,-7.761389085691211,0.04258646071976388,-0.19548181827758704,0.0003556688426684055,134957.0,-7.94151047725636,-7.765353655365893,0.000424179579701956,-0.17615682189046655,0.000422586336832559,-0.15835224268187392,-7.76091952569473,0.04260646231371627,-0.18059095156162996,0.00030275889038866674,158542.0,-8.102573810516592,-7.9081288237145895,0.0003677420474069713,-0.19444498680200262,0.00036531131722566257,-0.17123046532488212,-7.913678389906355,0.03657068909143969,-0.1888954206102369
2025-08,47.9,3.8691155044168695,4.123704224707291,61.78769438836624,-0.25458872029042157,0.014111477728022626,3394.4,-4.260766789471246,-4.01833738500512,0.01798283863555971,-0.24242940446612593,0.017750170011406014,-0.20499478489756523,-4.023212698029478,1.7895380035402264,-0.2375540914417682,0.0079265265596558,6043.0,-4.837540351944689,-4.619793387777856,0.009854831979591364,-0.21774696416683348,0.009695435418234841,-0.18244759335430547,-4.60093468482296,1.0042444835773867,-0.23660566712172937,0.0016664927112688306,28743.0,-6.397034033902114,-6.201202119873791,0.0020269924831651425,-0.19583191402832245,0.00200787613718937,-0.1700221540549851,-6.172660476408824,0.20856797109364755,-0.2243735574932897,0.0003496069658640547,137011.0,-7.958700989140968,-7.756486751559074,0.00042795746354628303,-0.20221423758189339,0.0004249647235735234,-0.17732708982474166,-7.760429148924486,0.042627360656709364,-0.19827184021648137,0.0003549804723685868,134937.0,-7.943447777414253,-7.764646825938383,0.00042447950829812984,-0.1788009514758695,0.00042285932671348725,-0.16052348867994218,-7.760128706707955,0.04264016963951318,-0.18331907070629772,0.0003022615982634156,158472.0,-8.104217696125648,-7.907186975746163,0.0003680885676663117,-0.19703072037948477,0.0003656169285547788,-0.17328336119937326,-7.912760207541514,0.03660428307357438,-0.1914574885841338
2025-09,48.1,3.8732821771117156,4.126055885626714,61.93316908109212,-0.2527737085149986,0.014149555803965406,3399.4,-4.258072047331535,-4.016945571889054,0.018007884811992045,-0.24112647544248134,0.017771132294223953,-0.20378985594720078,-4.021866935601518,1.7919479177710984,-0.23620511173001724,0.007948048514491556,6051.8,-4.8348288503238335,-4.6181982382653946,0.0098705644545079,-0.21663061205843892,0.009708307148534542,-0.18131468309680485,-4.599119050220368,1.0060694808740058,-0.2357098001034652,0.0016744995648389906,28725.0,-6.392240925605241,-6.200010419351025,0.002029409491055714,-0.19223050625421578,0.0020099538916593324,-0.16689652842902034,-6.171121372020544,0.2088892261323155,-0.22111955358469704,0.0003509002305290496,137076.0,-7.955008618410232,-7.7555228449270395,0.0004283701734585803,-0.1994857734831923,0.00042532737937644034,-0.17498790921126722,-7.759469212157762,0.04266829987385832,-0.19553940625247002,0.00035628310062590273,135005.0,-7.939784916660034,-7.763939996510874,0.0004247796489676022,-0.1758449201491592,0.00042313231659441556,-0.15798655254353858,-7.7593378877211805,0.04267390363224629,-0.18044702893885312,0.00030337815677271236,158548.0,-8.100530488457967,-7.906245127777736,0.0003684354144487982,-0.1942853606802304,0.00036592253988389505,-0.1709224666264823,-7.911842025176673,0.036637907915276206,-0.1886884632812933
2025-10,48.1,3.8732821771117156,4.128407546546137,62.078986283543166,-0.25512536943442177,0.014142899147309615,3401.0,-4.25854260789548,-4.015553758772987,0.01803296587229154,-0.24298884912249274,0.01779209457704189,-0.20510207013181192,-4.020521173173558,1.7943610773572471,-0.23802143472192228,0.007944372873517656,6054.6,-4.8352914155868225,-4.616603088752933,0.00988632204510044,-0.21868832683388995,0.009721178878834242,-0.1827768038694562,-4.597303415617777,1.0078977947087657,-0.23798799996904574,0.001675141046179564,28714.0,-6.391857910575924,-6.198818718828258,0.0020318293810127923,-0.19303919174766548,0.002012031646129295,-0.16743802245746692,-6.169582267632262,0.20921097599672003,-0.22227564294366164,0.00035120768714039545,136956.0,-7.954132808229885,-7.754558938295005,0.0004287832813764884,-0.19957386993488058,0.0004256900351793572,-0.17496850262792712,-7.758509275391037,0.04270927840893536,-0.19562353283884804,0.00035624879645676874,135018.0,-7.939881204754085,-7.763233167083365,0.00042508000186032617,-0.17664803767072002,0.0004234053064753438,-0.1586104590365728,-7.758547068734407,0.04270766431301262,-0.18133413601967874,0.0003036462804908843,158408.0,-8.099647085025914,-7.90530327980931,0.00036878258806211014,-0.19434380521660444,0.0003662281512130113,-0.17088219601591245,-7.910923842811832,0.0366715636448929,-0.1887232422140821
2025-11,47.7,3.8649313978942956,4.130759207465561,62.22514680213395,-0.26582780957126495,0.014024461954604259,3401.2,-4.266952191617341,-4.014161945656921,0.01805808186504379,-0.2527902459604201,0.01781305685985983,-0.21268639824492108,-4.019175410745598,1.796777486669087,-0.24777678087174326,0.007886643960186502,6048.2,-4.842584588201382,-4.615007939240471,0.009902104791464205,-0.22757664896091168,0.009734050609133942,-0.18978806697531725,-4.595487781015185,1.0097294311087581,-0.24709680718619698,0.0016649795804391078,28649.0,-6.397942419625469,-6.197627018305491,0.0020342521564729846,-0.20031540131997794,0.0020141094005992574,-0.1733420339810107,-6.168043163243981,0.2095332214490357,-0.22989925638148812,0.0003482463569196624,136972.0,-7.962600406465574,-7.753595031662969,0.000429196787683833,-0.20900537480260528,0.0004260526909822741,-0.18262138864380234,-7.757549338624312,0.042750296299701375,-0.20505106784126248,0.0003530979347101932,135090.0,-7.948765104069431,-7.7625263376558555,0.00042538056712636074,-0.18623876641357562,0.00042367829635627213,-0.16658951438647143,-7.757756249747632,0.04274145170292601,-0.19100885432179915,0.00030104323788726975,158449.0,-8.108256656065695,-7.904361431840884,0.0003691300888142177,-0.20389522422481132,0.00036653376254212753,-0.1786752854652254,-7.910005660446991,0.03670525029079824,-0.19825099561870374
2025-12,47.7,3.8649313978942956,4.133110868384985,62.37165144517775,-0.268179470490689,0.014038908673514438,3397.7,-4.265922613212254,-4.0127701325408545,0.01808323283890213,-0.2531524806713996,0.017834019142677772,-0.21280174921879666,-4.017829648317639,1.799197150082922,-0.24809296489461552,0.007894083574679356,6042.5,-4.841641714683343,-4.6134127897280095,0.009917912733758425,-0.2282289249553333,0.009746922339433643,-0.19009474993538814,-4.593672146412594,1.0115643961120269,-0.247969568270749,0.0016668996365669557,28616.0,-6.396789883044558,-6.196435317782725,0.002036677820876994,-0.2003545652618337,0.0020161871550692196,-0.17324161480945066,-6.1665040588557,0.20985596325261133,-0.2302858241888588,0.0003482361873612896,136976.0,-7.962629609087971,-7.752631125030934,0.0004296106927648086,-0.2099984840570368,0.000426415346785191,-0.18334039807269073,-7.756589401857587,0.04279135358395339,-0.20604020723038374,0.00035311623224239914,135083.0,-7.948713285419888,-7.7618195082283465,0.0004256813449158699,-0.18689377719154177,0.0004239512862372004,-0.16708300291644615,-7.756965430760857,0.042775265823116866,-0.191747854659031,0.0003010755402948899,158432.0,-8.108149360266854,-7.9034195838724575,0.00036947791701338125,-0.20472977639439627,0.00036683937387124374,-0.17927146936914176,-7.909087478082149,0.03673896788139206,-0.19906188218470433
2026-01,46.0,3.828641396489095,4.135462529304408,62.51850102289077,-0.30682113281531276,0.013539765703184789,3397.4,-4.3021243156961155,-4.011378319424788,0.018108418842587595,-0.2907459962713279,0.01785498142549571,-0.24168133359965777,-4.016483885889679,1.8016200719809492,-0.28564042980643656,0.007610098269529828,6044.6,-4.87827919398169,-4.6118176402155475,0.009933745912206466,-0.2664615537661428,0.009759794069733343,-0.22026036459827156,-4.591856511810002,1.013402695767589,-0.286422682171688,0.0016053605081314999,28654.0,-6.434406931964222,-6.195243617259958,0.00203910637766963,-0.239163314704264,0.002018264909539182,-0.20458384796570533,-6.164964954467418,0.21017920217197153,-0.269441977496804,0.0003355435440692679,137091.0,-7.9997588213923265,-7.751667218398898,0.0004300249970039819,-0.24809160299342814,0.0004267780025881079,-0.21377497894822908,-7.755629465090863,0.04283245029952486,-0.24412935630146393,0.0003400782179901377,135263.0,-7.986334913900011,-7.761112678800837,0.00042598233537912545,-0.22522223509917438,0.00042422427611812864,-0.19835276495247003,-7.7561746117740835,0.04280910669473233,-0.23016030212592753,0.00029005246166263115,158592.0,-8.145448749059664,-7.90247773590403,0.0003698260729681515,-0.24297101315563374,0.00036714498520036,-0.2099784190043004,-7.908169295717308,0.03677271644510023,-0.23727945334235567
2026-02,45.5,3.817712325956905,4.137814190223831,62.665696347397,-0.3201018642669262,0.013374485596707819,3402.0,-4.314406446998903,-4.009986506308722,0.018133639924889096,-0.3044199406901811,0.01787594370831365,-0.25181652980437147,-4.015138123461719,1.8040462567512656,-0.29926832353718336,0.007516933751858582,6053.0,-4.890596969934783,-4.6102224907030855,0.00994960436709588,-0.2803744792316971,0.009772665800033043,-0.2308205452157009,-4.590040877207411,1.0152443361354544,-0.3005560927273718,0.0015899084492277588,28618.0,-6.444078843509775,-6.194051916737192,0.002041537830299808,-0.2500269267725832,0.002020342664009144,-0.21305010404880365,-6.163425850079137,0.21050293897281852,-0.2806529934306381,0.0003322234878355092,136956.0,-8.009702659384695,-7.750703311766864,0.0004304397007862889,-0.2589993476178316,0.00042714065839102476,-0.22221525553913407,-7.754669528324138,0.042873586484285534,-0.25503313106055714,0.00033675017577619067,135115.0,-7.996169220695642,-7.760405849373328,0.0004262835386665037,-0.23576337132231462,0.0004244972659990569,-0.2067082576288281,-7.755383792787309,0.042842974338936364,-0.24078542790833346,0.0002871822060642783,158436.0,-8.155393679310297,-7.901535887935604,0.00037017455698736934,-0.2538577913746929,0.0003674505965294762,-0.21844675508305764,-7.907251113352467,0.036806496010374806,-0.24814256595782958
2026-03,45.4,3.8155121050473024,4.140165851143254,62.813238232732466,-0.32465374609595177,0.013355690877533608,3399.3,-4.315812702007328,-4.008594693192655,0.018158896134663528,-0.3072180088146732,0.017896905991131588,-0.25374302775285723,-4.01379236103376,1.8064757087878778,-0.3020203409735682,0.007502520119643713,6051.3,-4.892516298928094,-4.6086273411906244,0.009965488138778537,-0.2838889577374699,0.009785537530332745,-0.23330526336568055,-4.588225242604819,1.0170893232866458,-0.304291056323275,0.0015846422338568935,28650.0,-6.447396617095583,-6.1928602162144255,0.0020439721822205566,-0.2545364008811575,0.0020224204184791064,-0.2164625023670545,-6.161886745690856,0.21082717442203383,-0.2855098714047273,0.00033105580550836023,137137.0,-8.013223600096044,-7.749739405134829,0.00043085480449703777,-0.2634841949612152,0.0004275033141939417,-0.2256064584374823,-7.7537095915574135,0.04291476217614152,-0.2595140085386305,0.0003355084726974438,135317.0,-7.999863347929703,-7.759699019945819,0.00042658495492848864,-0.24016432798388454,0.0004247702558799852,-0.2101413221545378,-7.754592973800534,0.0428768687769096,-0.24527037412916908,0.00028616451307910497,158650.0,-8.158943691964039,-7.900594039967178,0.00037052336938016745,-0.2583496519968609,0.0003677562078585925,-0.22186354175932957,-7.9063329309876265,0.03684030660569394,-0.25261076097641233
2026-04,45.1,3.8088822465086327,4.142517512062678,62.96112749484981,-0.33363526555404555,0.01326938919618689,3398.8,-4.3222954606207535,-4.007202880076588,0.018184187520835792,-0.31509258054416556,0.017917868273949526,-0.25943259581392164,-4.0124465986058,1.8089084324907105,-0.3098488620149533,0.007452205092615543,6051.9,-4.899245304799782,-4.6070321916781625,0.009981397267670753,-0.2922131131216199,0.009798409260632445,-0.2394474557664542,-4.586409608002228,1.0189376633032183,-0.3128356967975545,0.001570607696325962,28715.0,-6.456292666789764,-6.191668515691659,0.0020464094368890214,-0.2646241510981051,0.0020244981729490687,-0.22419900530803066,-6.160347641302574,0.21115190928768032,-0.2959450254871898,0.0003285280341494329,137279.0,-8.02088838380434,-7.748775498502793,0.0004312703085219086,-0.27211288530154754,0.0004278659699968586,-0.23217068618042938,-7.752749654790689,0.04295597741303535,-0.26813872901365166,0.0003329224091476153,135467.0,-8.007601100696562,-7.758992190518309,0.0004268865843156706,-0.2486089101782527,0.00042504324576091347,-0.21673285608475729,-7.75380215481376,0.04291079002984938,-0.25379894588280116,0.0002840086147180695,158798.0,-8.16650598674879,-7.899652191998751,0.00037087251045596977,-0.26685379475003934,0.0003680618191877087,-0.2283670842445429,-7.9054147486227855,0.03687414825956197,-0.26109123812600465
2026-05,45.0,3.8066624897703196,4.1448691729821014,63.10936495162264,-0.3382066832117818,0.013232180663373323,3400.8,-4.32510348727426,-4.005811066960522,0.01820951413239893,-0.3192924203137384,0.01793883055676747,-0.26237216960715143,-4.011100836177841,1.8113444322656131,-0.3140026510964198,0.007432610993657505,6054.4,-4.901878069647185,-4.6054370421657005,0.009997331794253337,-0.2964410274814844,0.009811280990932146,-0.24244234768865272,-4.584593973399636,1.02078936227828,-0.3172840962475485,0.0015666341735134383,28724.0,-6.4588257994598886,-6.190476815168893,0.0020488495977664697,-0.26834898429099585,0.0020265759274190314,-0.22695510574398123,-6.158808536914293,0.21147714433900378,-0.30001726254559546,0.00032765638311040566,137339.0,-8.023545111177897,-7.747811591870758,0.00043168621324695197,-0.2757335193071393,0.00042822862579977545,-0.2348564216171616,-7.751789718023964,0.04299723223294598,-0.27175539315393316,0.0003320347086948822,135528.0,-8.010271050250463,-7.7582853610908,0.00042718842697874517,-0.251985689159663,0.0004253162356418418,-0.2193227512375328,-7.753011335826986,0.04294473811896996,-0.25725971442347717,0.0002832665034212299,158861.0,-8.169122395247802,-7.898710344030325,0.000371221980524491,-0.2704120512174777,0.00036836743051682497,-0.2310218549348872,-7.904496566257944,0.03690802100050943,-0.26462582898985865
2026-06,45.3,3.8133070324889884,4.147220833901525,63.25795142285034,-0.33391380141253624,0.013294594118682865,3407.4,-4.320397783622454,-4.004419253844455,0.018234876018414278,-0.3159785297779987,0.017959792839585407,-0.2597579361060289,-4.009755073749881,1.813783712524368,-0.3106427098725728,0.007476481267535896,6059.0,-4.895993016456001,-4.603841892653239,0.010013291759071721,-0.2921511238027614,0.009824152721231848,-0.23896935647408965,-4.582778338797045,1.0226444263160124,-0.31321467765895594,0.001576858813700919,28728.0,-6.452320503416931,-6.189285114646126,0.0020512926683182975,-0.26303538877080435,0.0020286536818889937,-0.22270674991079953,-6.157269432526012,0.21180288034643494,-0.29505107089091887,0.00032979993593290423,137356.0,-8.017024342099242,-7.7468476852387225,0.00043210251905859246,-0.27017665686051995,0.0004285912816026923,-0.23050246216013437,-7.750829781257239,0.04303852667388888,-0.26619456084200355,0.00033418416276908094,135554.0,-8.003818331408553,-7.75757853166329,0.00042749048306851606,-0.246239799745263,0.00042558922552277004,-0.21477297185193592,-7.752220516840211,0.04297871306550226,-0.25159781456834196,0.00028509931274072956,158892.0,-8.162672972638768,-7.897768496061898,0.00037157177989573844,-0.26490447657687,0.0003686730418459412,-0.2266879310913514,-7.903578383893103,0.03694192485709298,-0.2590945887456657
2026-07,45.8,3.824284091120139,4.149572494820948,63.40688773026239,-0.3252884037008088,0.013413776944704778,3414.4,-4.311472969987295,-4.003027440728388,0.018260273228011437,-0.3084455292589068,0.017980755122403345,-0.2539925685328023,-4.008409311321921,1.816226277684701,-0.30306365866537455,0.00755239681414178,6064.3,-4.885890307273869,-4.602246743140777,0.010029277202736095,-0.2836435641330919,0.009837024451531548,-0.23224783557735987,-4.580962704194453,1.024502861531689,-0.3049276030794159,0.0015923788331826715,28762.0,-6.442526259326185,-6.18809341412336,0.0020537386520140316,-0.2544328452028255,0.002030731436358956,-0.2158594658692231,-6.1557303281377305,0.21212911808159118,-0.2867959311884549,0.0003334595334478842,137348.0,-8.00598903895762,-7.745883778606688,0.0004325192263436257,-0.26010526035093307,0.00042895393740560923,-0.22262158155090592,-7.749869844490514,0.04307986077391593,-0.2561191944671064,0.0003376958525345622,135625.0,-7.993364912156721,-7.756871702235781,0.0004277927527358922,-0.23649320992094047,0.0004258622154036983,-0.2070302545755517,-7.751429697853437,0.043012714890693984,-0.24193521430328424,0.0002882080131896069,158913.0,-8.151828070518878,-7.896826648093472,0.0003719219088800114,-0.2550014224254058,0.0003689786531750574,-0.21890328692573408,-7.902660201528262,0.03697585985789559,-0.24916786899061627
2026-08,,,4.151924155740371,63.556174697523,,,3418.6,,-4.001635627612322,0.018285705810388447,,0.018001717405221284,,-4.007063548893961,1.8186721321702817,,,6072.1,,-4.600651593628315,0.010045288165921451,,0.009849896181831248,,-4.579147069591862,1.0263646740516974,,,28778.0,,-6.186901713600593,0.002056187552327339,,0.002032809190828918,,-6.15419122374945,0.2124558583172782,,,137469.0,,-7.744919871974653,0.00043293633548922156,,0.00042931659320852614,,-7.74890990772379,0.04312123457111565,,,135752.0,,-7.756164872808272,0.00042809523613189027,,0.0004261352052846266,,-7.7506388788666625,0.043046743615809784,,,159075.0,,-7.895884800125045,0.0003722723677879018,,0.00036928426450417366,,-7.901742019163421,0.03700982603152646,
